0.0000000000000000e+00	0.0000000000000000e+00	
1.0000000000000000e-03	9.8906019635244591e-01	
2.0000000000000000e-03	9.9299232801568038e-01	
3.0000000000000001e-03	9.9202431310043226e-01	
4.0000000000000001e-03	9.9103290643062059e-01	
5.0000000000000001e-03	9.9004236948146473e-01	
6.0000000000000001e-03	9.8905282197121680e-01	
7.0000000000000001e-03	9.8806426351087062e-01	
8.0000000000000002e-03	9.8707669311485535e-01	
9.0000000000000011e-03	9.8609010979561540e-01	
1.0000000000000002e-02	9.8510451256656739e-01	
1.1000000000000003e-02	9.8411990044211428e-01	
1.2000000000000004e-02	9.8313627243764323e-01	
1.3000000000000005e-02	9.8215362756952662e-01	
1.4000000000000005e-02	9.8117196485511959e-01	
1.5000000000000006e-02	9.8019128331275907e-01	
1.6000000000000007e-02	9.7921158196176372e-01	
1.7000000000000008e-02	9.7823285982243180e-01	
1.8000000000000009e-02	9.7725511591604108e-01	
1.9000000000000010e-02	9.7627834926484791e-01	
2.0000000000000011e-02	9.7530255889208528e-01	
2.1000000000000012e-02	9.7432774382196286e-01	
2.2000000000000013e-02	9.7335390307966552e-01	
2.3000000000000013e-02	9.7238103569135226e-01	
2.4000000000000014e-02	9.7140914068415574e-01	
2.5000000000000015e-02	9.7043821708618083e-01	
2.6000000000000016e-02	9.6946826392650387e-01	
2.7000000000000017e-02	9.6849928023517173e-01	
2.8000000000000018e-02	9.6753126504320042e-01	
2.9000000000000019e-02	9.6656421738257492e-01	
3.0000000000000020e-02	9.6559813628624724e-01	
3.1000000000000021e-02	9.6463302078813629e-01	
3.2000000000000021e-02	9.6366886992312661e-01	
3.3000000000000022e-02	9.6270568272706725e-01	
3.4000000000000023e-02	9.6174345823677054e-01	
3.5000000000000024e-02	9.6078219549001254e-01	
3.6000000000000025e-02	9.5982189352552982e-01	
3.7000000000000026e-02	9.5886255138302079e-01	
3.8000000000000027e-02	9.5790416810314294e-01	
3.9000000000000028e-02	9.5694674272751301e-01	
4.0000000000000029e-02	9.5599027429870576e-01	
4.1000000000000029e-02	9.5503476186025205e-01	
4.2000000000000030e-02	9.5408020445664021e-01	
4.3000000000000031e-02	9.5312660113331205e-01	
4.4000000000000032e-02	9.5217395093666468e-01	
4.5000000000000033e-02	9.5122225291404749e-01	
4.6000000000000034e-02	9.5027150611376254e-01	
4.7000000000000035e-02	9.4932170958506268e-01	
4.8000000000000036e-02	9.4837286237815188e-01	
4.9000000000000037e-02	9.4742496354418215e-01	
5.0000000000000037e-02	9.4647801213525518e-01	
5.1000000000000038e-02	9.4553200720441888e-01	
5.2000000000000039e-02	9.4458694780566876e-01	
5.3000000000000040e-02	9.4364283299394536e-01	
5.4000000000000041e-02	9.4269966182513332e-01	
5.5000000000000042e-02	9.4175743335606188e-01	
5.6000000000000043e-02	9.4081614664450197e-01	
5.7000000000000044e-02	9.3987580074916743e-01	
5.8000000000000045e-02	9.3893639472971180e-01	
5.9000000000000045e-02	9.3799792764672918e-01	
6.0000000000000046e-02	9.3706039856175238e-01	
6.1000000000000047e-02	9.3612380653725213e-01	
6.2000000000000048e-02	9.3518815063663652e-01	
6.3000000000000042e-02	9.3425342992424953e-01	
6.4000000000000043e-02	9.3331964346537011e-01	
6.5000000000000044e-02	9.3238679032621230e-01	
6.6000000000000045e-02	9.3145486957392221e-01	
6.7000000000000046e-02	9.3052388027657928e-01	
6.8000000000000047e-02	9.2959382150319447e-01	
6.9000000000000047e-02	9.2866469232370841e-01	
7.0000000000000048e-02	9.2773649180899198e-01	
7.1000000000000049e-02	9.2680921903084479e-01	
7.2000000000000050e-02	9.2588287306199391e-01	
7.3000000000000051e-02	9.2495745297609311e-01	
7.4000000000000052e-02	9.2403295784772255e-01	
7.5000000000000053e-02	9.2310938675238663e-01	
7.6000000000000054e-02	9.2218673876651458e-01	
7.7000000000000055e-02	9.2126501296745822e-01	
7.8000000000000055e-02	9.2034420843349141e-01	
7.9000000000000056e-02	9.1942432424380982e-01	
8.0000000000000057e-02	9.1850535947852896e-01	
8.1000000000000058e-02	9.1758731321868425e-01	
8.2000000000000059e-02	9.1667018454622917e-01	
8.3000000000000060e-02	9.1575397254403512e-01	
8.4000000000000061e-02	9.1483867629588966e-01	
8.5000000000000062e-02	9.1392429488649696e-01	
8.6000000000000063e-02	9.1301082740147521e-01	
8.7000000000000063e-02	9.1209827292735712e-01	
8.8000000000000064e-02	9.1118663055158788e-01	
8.9000000000000065e-02	9.1027589936252495e-01	
9.0000000000000066e-02	9.0936607844943740e-01	
9.1000000000000067e-02	9.0845716690250411e-01	
9.2000000000000068e-02	9.0754916381281348e-01	
9.3000000000000069e-02	9.0664206827236205e-01	
9.4000000000000070e-02	9.0573587937405464e-01	
9.5000000000000070e-02	9.0483059621170192e-01	
9.6000000000000071e-02	9.0392621788002103e-01	
9.7000000000000072e-02	9.0302274347463318e-01	
9.8000000000000073e-02	9.0212017209206408e-01	
9.9000000000000074e-02	9.0121850282974225e-01	
1.0000000000000007e-01	9.0031773478599841e-01	
1.0100000000000008e-01	8.9941786706006444e-01	
1.0200000000000008e-01	8.9851889875207247e-01	
1.0300000000000008e-01	8.9762082896305384e-01	
1.0400000000000008e-01	8.9672365679493937e-01	
1.0500000000000008e-01	8.9582738135055606e-01	
1.0600000000000008e-01	8.9493200173362908e-01	
1.0700000000000008e-01	8.9403751704877821e-01	
1.0800000000000008e-01	8.9314392640151885e-01	
1.0900000000000008e-01	8.9225122889826036e-01	
1.1000000000000008e-01	8.9135942364630527e-01	
1.1100000000000008e-01	8.9046850975384795e-01	
1.1200000000000009e-01	8.8957848632997472e-01	
1.1300000000000009e-01	8.8868935248466197e-01	
1.1400000000000009e-01	8.8780110732877560e-01	
1.1500000000000009e-01	8.8691374997407080e-01	
1.1600000000000009e-01	8.8602727953318960e-01	
1.1700000000000009e-01	8.8514169511966179e-01	
1.1800000000000009e-01	8.8425699584790307e-01	
1.1900000000000009e-01	8.8337318083321370e-01	
1.2000000000000009e-01	8.8249024919177887e-01	
1.2100000000000009e-01	8.8160820004066676e-01	
1.2200000000000009e-01	8.8072703249782802e-01	
1.2300000000000010e-01	8.7984674568209531e-01	
1.2400000000000010e-01	8.7896733871318167e-01	
1.2500000000000008e-01	8.7808881071167988e-01	
1.2600000000000008e-01	8.7721116079906203e-01	
1.2700000000000009e-01	8.7633438809767783e-01	
1.2800000000000009e-01	8.7545849173075529e-01	
1.2900000000000009e-01	8.7458347082239696e-01	
1.3000000000000009e-01	8.7370932449758243e-01	
1.3100000000000009e-01	8.7283605188216540e-01	
1.3200000000000009e-01	8.7196365210287274e-01	
1.3300000000000009e-01	8.7109212428730509e-01	
1.3400000000000009e-01	8.7022146756393426e-01	
1.3500000000000009e-01	8.6935168106210337e-01	
1.3600000000000009e-01	8.6848276391202617e-01	
1.3700000000000009e-01	8.6761471524478506e-01	
1.3800000000000009e-01	8.6674753419233164e-01	
1.3900000000000010e-01	8.6588121988748457e-01	
1.4000000000000010e-01	8.6501577146392949e-01	
1.4100000000000010e-01	8.6415118805621816e-01	
1.4200000000000010e-01	8.6328746879976659e-01	
1.4300000000000010e-01	8.6242461283085603e-01	
1.4400000000000010e-01	8.6156261928663003e-01	
1.4500000000000010e-01	8.6070148730509510e-01	
1.4600000000000010e-01	8.5984121602511943e-01	
1.4700000000000010e-01	8.5898180458643125e-01	
1.4800000000000010e-01	8.5812325212961926e-01	
1.4900000000000010e-01	8.5726555779613078e-01	
1.5000000000000011e-01	8.5640872072827168e-01	
1.5100000000000011e-01	8.5555274006920479e-01	
1.5200000000000011e-01	8.5469761496294916e-01	
1.5300000000000011e-01	8.5384334455437960e-01	
1.5400000000000011e-01	8.5298992798922579e-01	
1.5500000000000011e-01	8.5213736441407117e-01	
1.5600000000000011e-01	8.5128565297635184e-01	
1.5700000000000011e-01	8.5043479282435641e-01	
1.5800000000000011e-01	8.4958478310722485e-01	
1.5900000000000011e-01	8.4873562297494709e-01	
1.6000000000000011e-01	8.4788731157836306e-01	
1.6100000000000012e-01	8.4703984806916133e-01	
1.6200000000000012e-01	8.4619323159987814e-01	
1.6300000000000012e-01	8.4534746132389704e-01	
1.6400000000000012e-01	8.4450253639544781e-01	
1.6500000000000012e-01	8.4365845596960543e-01	
1.6600000000000012e-01	8.4281521920228919e-01	
1.6700000000000012e-01	8.4197282525026229e-01	
1.6800000000000012e-01	8.4113127327113102e-01	
1.6900000000000012e-01	8.4029056242334310e-01	
1.7000000000000012e-01	8.3945069186618748e-01	
1.7100000000000012e-01	8.3861166075979354e-01	
1.7200000000000013e-01	8.3777346826513055e-01	
1.7300000000000013e-01	8.3693611354400566e-01	
1.7400000000000013e-01	8.3609959575906390e-01	
1.7500000000000013e-01	8.3526391407378764e-01	
1.7600000000000013e-01	8.3442906765249492e-01	
1.7700000000000013e-01	8.3359505566033965e-01	
1.7800000000000013e-01	8.3276187726330941e-01	
1.7900000000000013e-01	8.3192953162822569e-01	
1.8000000000000013e-01	8.3109801792274285e-01	
1.8100000000000013e-01	8.3026733531534758e-01	
1.8200000000000013e-01	8.2943748297535647e-01	
1.8300000000000013e-01	8.2860846007291755e-01	
1.8400000000000014e-01	8.2778026577900787e-01	
1.8500000000000014e-01	8.2695289926543281e-01	
1.8600000000000014e-01	8.2612635970482584e-01	
1.8700000000000014e-01	8.2530064627064770e-01	
1.8800000000000014e-01	8.2447575813718432e-01	
1.8900000000000014e-01	8.2365169447954811e-01	
1.9000000000000014e-01	8.2282845447367470e-01	
1.9100000000000014e-01	8.2200603729632449e-01	
1.9200000000000014e-01	8.2118444212508002e-01	
1.9300000000000014e-01	8.2036366813834627e-01	
1.9400000000000014e-01	8.1954371451534891e-01	
1.9500000000000015e-01	8.1872458043613439e-01	
1.9600000000000015e-01	8.1790626508156838e-01	
1.9700000000000015e-01	8.1708876763333571e-01	
1.9800000000000015e-01	8.1627208727393863e-01	
1.9900000000000015e-01	8.1545622318669708e-01	
2.0000000000000015e-01	8.1464117455574647e-01	
2.0100000000000015e-01	8.1382694056603866e-01	
2.0200000000000015e-01	8.1301352040333874e-01	
2.0300000000000015e-01	8.1220091325422727e-01	
2.0400000000000015e-01	8.1138911830609683e-01	
2.0500000000000015e-01	8.1057813474715201e-01	
2.0600000000000016e-01	8.0976796176640964e-01	
2.0700000000000016e-01	8.0895859855369656e-01	
2.0800000000000016e-01	8.0815004429964932e-01	
2.0900000000000016e-01	8.0734229819571401e-01	
2.1000000000000016e-01	8.0653535943414389e-01	
2.1100000000000016e-01	8.0572922720800055e-01	
2.1200000000000016e-01	8.0492390071115139e-01	
2.1300000000000016e-01	8.0411937913827025e-01	
2.1400000000000016e-01	8.0331566168483515e-01	
2.1500000000000016e-01	8.0251274754712865e-01	
2.1600000000000016e-01	8.0171063592223657e-01	
2.1700000000000016e-01	8.0090932600804743e-01	
2.1800000000000017e-01	8.0010881700325076e-01	
2.1900000000000017e-01	7.9930910810733791e-01	
2.2000000000000017e-01	7.9851019852059968e-01	
2.2100000000000017e-01	7.9771208744412658e-01	
2.2200000000000017e-01	7.9691477407980738e-01	
2.2300000000000017e-01	7.9611825763032851e-01	
2.2400000000000017e-01	7.9532253729917379e-01	
2.2500000000000017e-01	7.9452761229062285e-01	
2.2600000000000017e-01	7.9373348180975023e-01	
2.2700000000000017e-01	7.9294014506242538e-01	
2.2800000000000017e-01	7.9214760125531192e-01	
2.2900000000000018e-01	7.9135584959586558e-01	
2.3000000000000018e-01	7.9056488929233482e-01	
2.3100000000000018e-01	7.8977471955375922e-01	
2.3200000000000018e-01	7.8898533958996908e-01	
2.3300000000000018e-01	7.8819674861158429e-01	
2.3400000000000018e-01	7.8740894583001375e-01	
2.3500000000000018e-01	7.8662193045745443e-01	
2.3600000000000018e-01	7.8583570170689132e-01	
2.3700000000000018e-01	7.8505025879209556e-01	
2.3800000000000018e-01	7.8426560092762376e-01	
2.3900000000000018e-01	7.8348172732881838e-01	
2.4000000000000019e-01	7.8269863721180555e-01	
2.4100000000000019e-01	7.8191632979349512e-01	
2.4200000000000019e-01	7.8113480429157978e-01	
2.4300000000000019e-01	7.8035405992453388e-01	
2.4400000000000019e-01	7.7957409591161275e-01	
2.4500000000000019e-01	7.7879491147285251e-01	
2.4600000000000019e-01	7.7801650582906878e-01	
2.4700000000000019e-01	7.7723887820185544e-01	
2.4800000000000019e-01	7.7646202781358520e-01	
2.4900000000000019e-01	7.7568595388740758e-01	
2.5000000000000017e-01	7.7491065564724859e-01	
2.5100000000000017e-01	7.7413613231780953e-01	
2.5200000000000017e-01	7.7336238312456751e-01	
2.5300000000000017e-01	7.7258940729377312e-01	
2.5400000000000017e-01	7.7181720405245013e-01	
2.5500000000000017e-01	7.7104577262839569e-01	
2.5600000000000017e-01	7.7027511225017797e-01	
2.5700000000000017e-01	7.6950522214713679e-01	
2.5800000000000017e-01	7.6873610154938199e-01	
2.5900000000000017e-01	7.6796774968779280e-01	
2.6000000000000018e-01	7.6720016579401706e-01	
2.6100000000000018e-01	7.6643334910047134e-01	
2.6200000000000018e-01	7.6566729884033846e-01	
2.6300000000000018e-01	7.6490201424756810e-01	
2.6400000000000018e-01	7.6413749455687596e-01	
2.6500000000000018e-01	7.6337373900374195e-01	
2.6600000000000018e-01	7.6261074682441066e-01	
2.6700000000000018e-01	7.6184851725588953e-01	
2.6800000000000018e-01	7.6108704953594919e-01	
2.6900000000000018e-01	7.6032634290312195e-01	
2.7000000000000018e-01	7.5956639659670078e-01	
2.7100000000000019e-01	7.5880720985673977e-01	
2.7200000000000019e-01	7.5804878192405178e-01	
2.7300000000000019e-01	7.5729111204020882e-01	
2.7400000000000019e-01	7.5653419944754097e-01	
2.7500000000000019e-01	7.5577804338913557e-01	
2.7600000000000019e-01	7.5502264310883649e-01	
2.7700000000000019e-01	7.5426799785124365e-01	
2.7800000000000019e-01	7.5351410686171127e-01	
2.7900000000000019e-01	7.5276096938634873e-01	
2.8000000000000019e-01	7.5200858467201837e-01	
2.8100000000000019e-01	7.5125695196633524e-01	
2.8200000000000019e-01	7.5050607051766660e-01	
2.8300000000000020e-01	7.4975593957513120e-01	
2.8400000000000020e-01	7.4900655838859764e-01	
2.8500000000000020e-01	7.4825792620868525e-01	
2.8600000000000020e-01	7.4751004228676110e-01	
2.8700000000000020e-01	7.4676290587494165e-01	
2.8800000000000020e-01	7.4601651622609011e-01	
2.8900000000000020e-01	7.4527087259381730e-01	
2.9000000000000020e-01	7.4452597423247879e-01	
2.9100000000000020e-01	7.4378182039717700e-01	
2.9200000000000020e-01	7.4303841034375739e-01	
2.9300000000000020e-01	7.4229574332880988e-01	
2.9400000000000021e-01	7.4155381860966774e-01	
2.9500000000000021e-01	7.4081263544440601e-01	
2.9600000000000021e-01	7.4007219309184136e-01	
2.9700000000000021e-01	7.3933249081153152e-01	
2.9800000000000021e-01	7.3859352786377408e-01	
2.9900000000000021e-01	7.3785530350960615e-01	
3.0000000000000021e-01	7.3711781701080314e-01	
3.0100000000000021e-01	7.3638106762987865e-01	
3.0200000000000021e-01	7.3564505463008301e-01	
3.0300000000000021e-01	7.3490977727540330e-01	
3.0400000000000021e-01	7.3417523483056213e-01	
3.0500000000000022e-01	7.3344142656101718e-01	
3.0600000000000022e-01	7.3270835173295978e-01	
3.0700000000000022e-01	7.3197600961331510e-01	
3.0800000000000022e-01	7.3124439946974107e-01	
3.0900000000000022e-01	7.3051352057062746e-01	
3.1000000000000022e-01	7.2978337218509537e-01	
3.1100000000000022e-01	7.2905395358299607e-01	
3.1200000000000022e-01	7.2832526403491127e-01	
3.1300000000000022e-01	7.2759730281215118e-01	
3.1400000000000022e-01	7.2687006918675456e-01	
3.1500000000000022e-01	7.2614356243148770e-01	
3.1600000000000023e-01	7.2541778181984362e-01	
3.1700000000000023e-01	7.2469272662604212e-01	
3.1800000000000023e-01	7.2396839612502728e-01	
3.1900000000000023e-01	7.2324478959246929e-01	
3.2000000000000023e-01	7.2252190630476076e-01	
3.2100000000000023e-01	7.2179974553901916e-01	
3.2200000000000023e-01	7.2107830657308281e-01	
3.2300000000000023e-01	7.2035758868551347e-01	
3.2400000000000023e-01	7.1963759115559267e-01	
3.2500000000000023e-01	7.1891831326332289e-01	
3.2600000000000023e-01	7.1819975428942640e-01	
3.2700000000000023e-01	7.1748191351534418e-01	
3.2800000000000024e-01	7.1676479022323525e-01	
3.2900000000000024e-01	7.1604838369597612e-01	
3.3000000000000024e-01	7.1533269321716031e-01	
3.3100000000000024e-01	7.1461771807109764e-01	
3.3200000000000024e-01	7.1390345754281237e-01	
3.3300000000000024e-01	7.1318991091804418e-01	
3.3400000000000024e-01	7.1247707748324618e-01	
3.3500000000000024e-01	7.1176495652558525e-01	
3.3600000000000024e-01	7.1105354733294024e-01	
3.3700000000000024e-01	7.1034284919390156e-01	
3.3800000000000024e-01	7.0963286139777126e-01	
3.3900000000000025e-01	7.0892358323456162e-01	
3.4000000000000025e-01	7.0821501399499431e-01	
3.4100000000000025e-01	7.0750715297050004e-01	
3.4200000000000025e-01	7.0679999945321748e-01	
3.4300000000000025e-01	7.0609355273599350e-01	
3.4400000000000025e-01	7.0538781211238111e-01	
3.4500000000000025e-01	7.0468277687663938e-01	
3.4600000000000025e-01	7.0397844632373352e-01	
3.4700000000000025e-01	7.0327481974933248e-01	
3.4800000000000025e-01	7.0257189644981000e-01	
3.4900000000000025e-01	7.0186967572224213e-01	
3.5000000000000026e-01	7.0116815686440870e-01	
3.5100000000000026e-01	7.0046733917479076e-01	
3.5200000000000026e-01	6.9976722195257013e-01	
3.5300000000000026e-01	6.9906780449762984e-01	
3.5400000000000026e-01	6.9836908611055215e-01	
3.5500000000000026e-01	6.9767106609261909e-01	
3.5600000000000026e-01	6.9697374374581000e-01	
3.5700000000000026e-01	6.9627711837280282e-01	
3.5800000000000026e-01	6.9558118927697188e-01	
3.5900000000000026e-01	6.9488595576238843e-01	
3.6000000000000026e-01	6.9419141713381860e-01	
3.6100000000000027e-01	6.9349757269672363e-01	
3.6200000000000027e-01	6.9280442175725920e-01	
3.6300000000000027e-01	6.9211196362227434e-01	
3.6400000000000027e-01	6.9142019759931062e-01	
3.6500000000000027e-01	6.9072912299660227e-01	
3.6600000000000027e-01	6.9003873912307445e-01	
3.6700000000000027e-01	6.8934904528834340e-01	
3.6800000000000027e-01	6.8866004080271470e-01	
3.6900000000000027e-01	6.8797172497718451e-01	
3.7000000000000027e-01	6.8728409712343652e-01	
3.7100000000000027e-01	6.8659715655384279e-01	
3.7200000000000027e-01	6.8591090258146303e-01	
3.7300000000000028e-01	6.8522533452004297e-01	
3.7400000000000028e-01	6.8454045168401456e-01	
3.7500000000000028e-01	6.8385625338849476e-01	
3.7600000000000028e-01	6.8317273894928543e-01	
3.7700000000000028e-01	6.8248990768287188e-01	
3.7800000000000028e-01	6.8180775890642309e-01	
3.7900000000000028e-01	6.8112629193778973e-01	
3.8000000000000028e-01	6.8044550609550547e-01	
3.8100000000000028e-01	6.7976540069878355e-01	
3.8200000000000028e-01	6.7908597506751933e-01	
3.8300000000000028e-01	6.7840722852228663e-01	
3.8400000000000029e-01	6.7772916038433884e-01	
3.8500000000000029e-01	6.7705176997560812e-01	
3.8600000000000029e-01	6.7637505661870378e-01	
3.8700000000000029e-01	6.7569901963691237e-01	
3.8800000000000029e-01	6.7502365835419698e-01	
3.8900000000000029e-01	6.7434897209519606e-01	
3.9000000000000029e-01	6.7367496018522355e-01	
3.9100000000000029e-01	6.7300162195026736e-01	
3.9200000000000029e-01	6.7232895671698911e-01	
3.9300000000000029e-01	6.7165696381272366e-01	
3.9400000000000029e-01	6.7098564256547788e-01	
3.9500000000000030e-01	6.7031499230393077e-01	
3.9600000000000030e-01	6.6964501235743179e-01	
3.9700000000000030e-01	6.6897570205600088e-01	
3.9800000000000030e-01	6.6830706073032797e-01	
3.9900000000000030e-01	6.6763908771177138e-01	
4.0000000000000030e-01	6.6697178233235788e-01	
4.0100000000000030e-01	6.6630514392478257e-01	
4.0200000000000030e-01	6.6563917182240662e-01	
4.0300000000000030e-01	6.6497386535925818e-01	
4.0400000000000030e-01	6.6430922387003022e-01	
4.0500000000000030e-01	6.6364524669008151e-01	
4.0600000000000031e-01	6.6298193315543497e-01	
4.0700000000000031e-01	6.6231928260277662e-01	
4.0800000000000031e-01	6.6165729436945631e-01	
4.0900000000000031e-01	6.6099596779348535e-01	
4.1000000000000031e-01	6.6033530221353742e-01	
4.1100000000000031e-01	6.5967529696894645e-01	
4.1200000000000031e-01	6.5901595139970770e-01	
4.1300000000000031e-01	6.5835726484647505e-01	
4.1400000000000031e-01	6.5769923665056218e-01	
4.1500000000000031e-01	6.5704186615394078e-01	
4.1600000000000031e-01	6.5638515269924047e-01	
4.1700000000000031e-01	6.5572909562974735e-01	
4.1800000000000032e-01	6.5507369428940443e-01	
4.1900000000000032e-01	6.5441894802281064e-01	
4.2000000000000032e-01	6.5376485617521929e-01	
4.2100000000000032e-01	6.5311141809253859e-01	
4.2200000000000032e-01	6.5245863312133046e-01	
4.2300000000000032e-01	6.5180650060880962e-01	
4.2400000000000032e-01	6.5115501990284397e-01	
4.2500000000000032e-01	6.5050419035195228e-01	
4.2600000000000032e-01	6.4985401130530518e-01	
4.2700000000000032e-01	6.4920448211272364e-01	
4.2800000000000032e-01	6.4855560212467833e-01	
4.2900000000000033e-01	6.4790737069228910e-01	
4.3000000000000033e-01	6.4725978716732446e-01	
4.3100000000000033e-01	6.4661285090220111e-01	
4.3200000000000033e-01	6.4596656124998253e-01	
4.3300000000000033e-01	6.4532091756437915e-01	
4.3400000000000033e-01	6.4467591919974687e-01	
4.3500000000000033e-01	6.4403156551108764e-01	
4.3600000000000033e-01	6.4338785585404745e-01	
4.3700000000000033e-01	6.4274478958491688e-01	
4.3800000000000033e-01	6.4210236606062943e-01	
4.3900000000000033e-01	6.4146058463876143e-01	
4.4000000000000034e-01	6.4081944467753160e-01	
4.4100000000000034e-01	6.4017894553579979e-01	
4.4200000000000034e-01	6.3953908657306702e-01	
4.4300000000000034e-01	6.3889986714947411e-01	
4.4400000000000034e-01	6.3826128662580139e-01	
4.4500000000000034e-01	6.3762334436346846e-01	
4.4600000000000034e-01	6.3698603972453338e-01	
4.4700000000000034e-01	6.3634937207169084e-01	
4.4800000000000034e-01	6.3571334076827357e-01	
4.4900000000000034e-01	6.3507794517824989e-01	
4.5000000000000034e-01	6.3444318466622440e-01	
4.5100000000000035e-01	6.3380905859743630e-01	
4.5200000000000035e-01	6.3317556633775973e-01	
4.5300000000000035e-01	6.3254270725370232e-01	
4.5400000000000035e-01	6.3191048071240474e-01	
4.5500000000000035e-01	6.3127888608164062e-01	
4.5600000000000035e-01	6.3064792272981518e-01	
4.5700000000000035e-01	6.3001759002596502e-01	
4.5800000000000035e-01	6.2938788733975748e-01	
4.5900000000000035e-01	6.2875881404148959e-01	
4.6000000000000035e-01	6.2813036950208812e-01	
4.6100000000000035e-01	6.2750255309310854e-01	
4.6200000000000035e-01	6.2687536418673440e-01	
4.6300000000000036e-01	6.2624880215577661e-01	
4.6400000000000036e-01	6.2562286637367326e-01	
4.6500000000000036e-01	6.2499755621448827e-01	
4.6600000000000036e-01	6.2437287105291173e-01	
4.6700000000000036e-01	6.2374881026425821e-01	
4.6800000000000036e-01	6.2312537322446693e-01	
4.6900000000000036e-01	6.2250255931010079e-01	
4.7000000000000036e-01	6.2188036789834589e-01	
4.7100000000000036e-01	6.2125879836701048e-01	
4.7200000000000036e-01	6.2063785009452554e-01	
4.7300000000000036e-01	6.2001752245994224e-01	
4.7400000000000037e-01	6.1939781484293321e-01	
4.7500000000000037e-01	6.1877872662379041e-01	
4.7600000000000037e-01	6.1816025718342593e-01	
4.7700000000000037e-01	6.1754240590337017e-01	
4.7800000000000037e-01	6.1692517216577170e-01	
4.7900000000000037e-01	6.1630855535339690e-01	
4.8000000000000037e-01	6.1569255484962870e-01	
4.8100000000000037e-01	6.1507717003846674e-01	
4.8200000000000037e-01	6.1446240030452604e-01	
4.8300000000000037e-01	6.1384824503303692e-01	
4.8400000000000037e-01	6.1323470360984400e-01	
4.8500000000000038e-01	6.1262177542140572e-01	
4.8600000000000038e-01	6.1200945985479382e-01	
4.8700000000000038e-01	6.1139775629769288e-01	
4.8800000000000038e-01	6.1078666413839910e-01	
4.8900000000000038e-01	6.1017618276582053e-01	
4.9000000000000038e-01	6.0956631156947549e-01	
4.9100000000000038e-01	6.0895704993949284e-01	
4.9200000000000038e-01	6.0834839726661083e-01	
4.9300000000000038e-01	6.0774035294217676e-01	
4.9400000000000038e-01	6.0713291635814626e-01	
4.9500000000000038e-01	6.0652608690708276e-01	
4.9600000000000039e-01	6.0591986398215680e-01	
4.9700000000000039e-01	6.0531424697714531e-01	
4.9800000000000039e-01	6.0470923528643106e-01	
4.9900000000000039e-01	6.0410482830500267e-01	
5.0000000000000033e-01	6.0350102542845274e-01	
5.0100000000000033e-01	6.0289782605297870e-01	
5.0200000000000033e-01	6.0229522957538095e-01	
5.0300000000000034e-01	6.0169323539306285e-01	
5.0400000000000034e-01	6.0109184290403028e-01	
5.0500000000000034e-01	6.0049105150689086e-01	
5.0600000000000034e-01	5.9989086060085284e-01	
5.0700000000000034e-01	5.9929126958572543e-01	
5.0800000000000034e-01	5.9869227786191759e-01	
5.0900000000000034e-01	5.9809388483043757e-01	
5.1000000000000034e-01	5.9749608989289216e-01	
5.1100000000000034e-01	5.9689889245148642e-01	
5.1200000000000034e-01	5.9630229190902295e-01	
5.1300000000000034e-01	5.9570628766890099e-01	
5.1400000000000035e-01	5.9511087913511629e-01	
5.1500000000000035e-01	5.9451606571226034e-01	
5.1600000000000035e-01	5.9392184680551963e-01	
5.1700000000000035e-01	5.9332822182067535e-01	
5.1800000000000035e-01	5.9273519016410225e-01	
5.1900000000000035e-01	5.9214275124276883e-01	
5.2000000000000035e-01	5.9155090446423586e-01	
5.2100000000000035e-01	5.9095964923665678e-01	
5.2200000000000035e-01	5.9036898496877588e-01	
5.2300000000000035e-01	5.8977891106992941e-01	
5.2400000000000035e-01	5.8918942695004306e-01	
5.2500000000000036e-01	5.8860053201963281e-01	
5.2600000000000036e-01	5.8801222568980371e-01	
5.2700000000000036e-01	5.8742450737224916e-01	
5.2800000000000036e-01	5.8683737647925105e-01	
5.2900000000000036e-01	5.8625083242367815e-01	
5.3000000000000036e-01	5.8566487461898664e-01	
5.3100000000000036e-01	5.8507950247921858e-01	
5.3200000000000036e-01	5.8449471541900178e-01	
5.3300000000000036e-01	5.8391051285354889e-01	
5.3400000000000036e-01	5.8332689419865780e-01	
5.3500000000000036e-01	5.8274385887070945e-01	
5.3600000000000037e-01	5.8216140628666846e-01	
5.3700000000000037e-01	5.8157953586408218e-01	
5.3800000000000037e-01	5.8099824702108038e-01	
5.3900000000000037e-01	5.8041753917637406e-01	
5.4000000000000037e-01	5.7983741174925507e-01	
5.4100000000000037e-01	5.7925786415959635e-01	
5.4200000000000037e-01	5.7867889582784993e-01	
5.4300000000000037e-01	5.7810050617504760e-01	
5.4400000000000037e-01	5.7752269462279970e-01	
5.4500000000000037e-01	5.7694546059329443e-01	
5.4600000000000037e-01	5.7636880350929787e-01	
5.4700000000000037e-01	5.7579272279415294e-01	
5.4800000000000038e-01	5.7521721787177860e-01	
5.4900000000000038e-01	5.7464228816667029e-01	
5.5000000000000038e-01	5.7406793310389781e-01	
5.5100000000000038e-01	5.7349415210910659e-01	
5.5200000000000038e-01	5.7292094460851495e-01	
5.5300000000000038e-01	5.7234831002891573e-01	
5.5400000000000038e-01	5.7177624779767433e-01	
5.5500000000000038e-01	5.7120475734272835e-01	
5.5600000000000038e-01	5.7063383809258728e-01	
5.5700000000000038e-01	5.7006348947633190e-01	
5.5800000000000038e-01	5.6949371092361334e-01	
5.5900000000000039e-01	5.6892450186465338e-01	
5.6000000000000039e-01	5.6835586173024266e-01	
5.6100000000000039e-01	5.6778778995174095e-01	
5.6200000000000039e-01	5.6722028596107654e-01	
5.6300000000000039e-01	5.6665334919074539e-01	
5.6400000000000039e-01	5.6608697907381056e-01	
5.6500000000000039e-01	5.6552117504390209e-01	
5.6600000000000039e-01	5.6495593653521570e-01	
5.6700000000000039e-01	5.6439126298251296e-01	
5.6800000000000039e-01	5.6382715382112025e-01	
5.6900000000000039e-01	5.6326360848692836e-01	
5.7000000000000040e-01	5.6270062641639185e-01	
5.7100000000000040e-01	5.6213820704652873e-01	
5.7200000000000040e-01	5.6157634981491944e-01	
5.7300000000000040e-01	5.6101505415970665e-01	
5.7400000000000040e-01	5.6045431951959490e-01	
5.7500000000000040e-01	5.5989414533384940e-01	
5.7600000000000040e-01	5.5933453104229580e-01	
5.7700000000000040e-01	5.5877547608531997e-01	
5.7800000000000040e-01	5.5821697990386665e-01	
5.7900000000000040e-01	5.5765904193943983e-01	
5.8000000000000040e-01	5.5710166163410157e-01	
5.8100000000000041e-01	5.5654483843047120e-01	
5.8200000000000041e-01	5.5598857177172556e-01	
5.8300000000000041e-01	5.5543286110159806e-01	
5.8400000000000041e-01	5.5487770586437801e-01	
5.8500000000000041e-01	5.5432310550491026e-01	
5.8600000000000041e-01	5.5376905946859389e-01	
5.8700000000000041e-01	5.5321556720138332e-01	
5.8800000000000041e-01	5.5266262814978595e-01	
5.8900000000000041e-01	5.5211024176086287e-01	
5.9000000000000041e-01	5.5155840748222740e-01	
5.9100000000000041e-01	5.5100712476204561e-01	
5.9200000000000041e-01	5.5045639304903438e-01	
5.9300000000000042e-01	5.4990621179246202e-01	
5.9400000000000042e-01	5.4935658044214730e-01	
5.9500000000000042e-01	5.4880749844845889e-01	
5.9600000000000042e-01	5.4825896526231455e-01	
5.9700000000000042e-01	5.4771098033518117e-01	
5.9800000000000042e-01	5.4716354311907389e-01	
5.9900000000000042e-01	5.4661665306655516e-01	
6.0000000000000042e-01	5.4607030963073511e-01	
6.0100000000000042e-01	5.4552451226527032e-01	
6.0200000000000042e-01	5.4497926042436307e-01	
6.0300000000000042e-01	5.4443455356276182e-01	
6.0400000000000043e-01	5.4389039113575943e-01	
6.0500000000000043e-01	5.4334677259919351e-01	
6.0600000000000043e-01	5.4280369740944545e-01	
6.0700000000000043e-01	5.4226116502344002e-01	
6.0800000000000043e-01	5.4171917489864474e-01	
6.0900000000000043e-01	5.4117772649306961e-01	
6.1000000000000043e-01	5.4063681926526619e-01	
6.1100000000000043e-01	5.4009645267432682e-01	
6.1200000000000043e-01	5.3955662617988531e-01	
6.1300000000000043e-01	5.3901733924211492e-01	
6.1400000000000043e-01	5.3847859132172859e-01	
6.1500000000000044e-01	5.3794038187997850e-01	
6.1600000000000044e-01	5.3740271037865517e-01	
6.1700000000000044e-01	5.3686557628008691e-01	
6.1800000000000044e-01	5.3632897904713983e-01	
6.1900000000000044e-01	5.3579291814321639e-01	
6.2000000000000044e-01	5.3525739303225572e-01	
6.2100000000000044e-01	5.3472240317873276e-01	
6.2200000000000044e-01	5.3418794804765735e-01	
6.2300000000000044e-01	5.3365402710457477e-01	
6.2400000000000044e-01	5.3312063981556368e-01	
6.2500000000000044e-01	5.3258778564723674e-01	
6.2600000000000044e-01	5.3205546406673987e-01	
6.2700000000000045e-01	5.3152367454175142e-01	
6.2800000000000045e-01	5.3099241654048168e-01	
6.2900000000000045e-01	5.3046168953167294e-01	
6.3000000000000045e-01	5.2993149298459785e-01	
6.3100000000000045e-01	5.2940182636905986e-01	
6.3200000000000045e-01	5.2887268915539243e-01	
6.3300000000000045e-01	5.2834408081445816e-01	
6.3400000000000045e-01	5.2781600081764890e-01	
6.3500000000000045e-01	5.2728844863688418e-01	
6.3600000000000045e-01	5.2676142374461221e-01	
6.3700000000000045e-01	5.2623492561380791e-01	
6.3800000000000046e-01	5.2570895371797299e-01	
6.3900000000000046e-01	5.2518350753113563e-01	
6.4000000000000046e-01	5.2465858652784947e-01	
6.4100000000000046e-01	5.2413419018319374e-01	
6.4200000000000046e-01	5.2361031797277169e-01	
6.4300000000000046e-01	5.2308696937271137e-01	
6.4400000000000046e-01	5.2256414385966399e-01	
6.4500000000000046e-01	5.2204184091080397e-01	
6.4600000000000046e-01	5.2152006000382833e-01	
6.4700000000000046e-01	5.2099880061695614e-01	
6.4800000000000046e-01	5.2047806222892823e-01	
6.4900000000000047e-01	5.1995784431900571e-01	
6.5000000000000047e-01	5.1943814636697094e-01	
6.5100000000000047e-01	5.1891896785312575e-01	
6.5200000000000047e-01	5.1840030825829164e-01	
6.5300000000000047e-01	5.1788216706380896e-01	
6.5400000000000047e-01	5.1736454375153662e-01	
6.5500000000000047e-01	5.1684743780385112e-01	
6.5600000000000047e-01	5.1633084870364643e-01	
6.5700000000000047e-01	5.1581477593433345e-01	
6.5800000000000047e-01	5.1529921897983944e-01	
6.5900000000000047e-01	5.1478417732460735e-01	
6.6000000000000048e-01	5.1426965045359552e-01	
6.6100000000000048e-01	5.1375563785227696e-01	
6.6200000000000048e-01	5.1324213900663906e-01	
6.6300000000000048e-01	5.1272915340318304e-01	
6.6400000000000048e-01	5.1221668052892311e-01	
6.6500000000000048e-01	5.1170471987138622e-01	
6.6600000000000048e-01	5.1119327091861200e-01	
6.6700000000000048e-01	5.1068233315915135e-01	
6.6800000000000048e-01	5.1017190608206620e-01	
6.6900000000000048e-01	5.0966198917692984e-01	
6.7000000000000048e-01	5.0915258193382507e-01	
6.7100000000000048e-01	5.0864368384334457e-01	
6.7200000000000049e-01	5.0813529439659055e-01	
6.7300000000000049e-01	5.0762741308517312e-01	
6.7400000000000049e-01	5.0712003940121098e-01	
6.7500000000000049e-01	5.0661317283733065e-01	
6.7600000000000049e-01	5.0610681288666526e-01	
6.7700000000000049e-01	5.0560095904285496e-01	
6.7800000000000049e-01	5.0509561080004584e-01	
6.7900000000000049e-01	5.0459076765288957e-01	
6.8000000000000049e-01	5.0408642909654311e-01	
6.8100000000000049e-01	5.0358259462666777e-01	
6.8200000000000049e-01	5.0307926373942891e-01	
6.8300000000000050e-01	5.0257643593149581e-01	
6.8400000000000050e-01	5.0207411070004049e-01	
6.8500000000000050e-01	5.0157228754273775e-01	
6.8600000000000050e-01	5.0107096595776424e-01	
6.8700000000000050e-01	5.0057014544379852e-01	
6.8800000000000050e-01	5.0006982550001988e-01	
6.8900000000000050e-01	4.9957000562610848e-01	
6.9000000000000050e-01	4.9907068532224425e-01	
6.9100000000000050e-01	4.9857186408910709e-01	
6.9200000000000050e-01	4.9807354142787541e-01	
6.9300000000000050e-01	4.9757571684022672e-01	
6.9400000000000051e-01	4.9707838982833646e-01	
6.9500000000000051e-01	4.9658155989487734e-01	
6.9600000000000051e-01	4.9608522654301951e-01	
6.9700000000000051e-01	4.9558938927642948e-01	
6.9800000000000051e-01	4.9509404759927012e-01	
6.9900000000000051e-01	4.9459920101619959e-01	
7.0000000000000051e-01	4.9410484903237134e-01	
7.0100000000000051e-01	4.9361099115343327e-01	
7.0200000000000051e-01	4.9311762688552752e-01	
7.0300000000000051e-01	4.9262475573528963e-01	
7.0400000000000051e-01	4.9213237720984870e-01	
7.0500000000000052e-01	4.9164049081682576e-01	
7.0600000000000052e-01	4.9114909606433477e-01	
7.0700000000000052e-01	4.9065819246098075e-01	
7.0800000000000052e-01	4.9016777951586016e-01	
7.0900000000000052e-01	4.8967785673855979e-01	
7.1000000000000052e-01	4.8918842363915704e-01	
7.1100000000000052e-01	4.8869947972821870e-01	
7.1200000000000052e-01	4.8821102451680076e-01	
7.1300000000000052e-01	4.8772305751644801e-01	
7.1400000000000052e-01	4.8723557823919350e-01	
7.1500000000000052e-01	4.8674858619755779e-01	
7.1600000000000052e-01	4.8626208090454892e-01	
7.1700000000000053e-01	4.8577606187366140e-01	
7.1800000000000053e-01	4.8529052861887623e-01	
7.1900000000000053e-01	4.8480548065466006e-01	
7.2000000000000053e-01	4.8432091749596501e-01	
7.2100000000000053e-01	4.8383683865822780e-01	
7.2200000000000053e-01	4.8335324365736965e-01	
7.2300000000000053e-01	4.8287013200979534e-01	
7.2400000000000053e-01	4.8238750323239327e-01	
7.2500000000000053e-01	4.8190535684253466e-01	
7.2600000000000053e-01	4.8142369235807303e-01	
7.2700000000000053e-01	4.8094250929734395e-01	
7.2800000000000054e-01	4.8046180717916420e-01	
7.2900000000000054e-01	4.7998158552283177e-01	
7.3000000000000054e-01	4.7950184384812466e-01	
7.3100000000000054e-01	4.7902258167530154e-01	
7.3200000000000054e-01	4.7854379852509993e-01	
7.3300000000000054e-01	4.7806549391873665e-01	
7.3400000000000054e-01	4.7758766737790725e-01	
7.3500000000000054e-01	4.7711031842478496e-01	
7.3600000000000054e-01	4.7663344658202095e-01	
7.3700000000000054e-01	4.7615705137274317e-01	
7.3800000000000054e-01	4.7568113232055631e-01	
7.3900000000000055e-01	4.7520568894954163e-01	
7.4000000000000055e-01	4.7473072078425538e-01	
7.4100000000000055e-01	4.7425622734972955e-01	
7.4200000000000055e-01	4.7378220817147049e-01	
7.4300000000000055e-01	4.7330866277545919e-01	
7.4400000000000055e-01	4.7283559068815001e-01	
7.4500000000000055e-01	4.7236299143647104e-01	
7.4600000000000055e-01	4.7189086454782275e-01	
7.4700000000000055e-01	4.7141920955007832e-01	
7.4800000000000055e-01	4.7094802597158286e-01	
7.4900000000000055e-01	4.7047731334115256e-01	
7.5000000000000056e-01	4.7000707118807478e-01	
7.5100000000000056e-01	4.6953729904210739e-01	
7.5200000000000056e-01	4.6906799643347813e-01	
7.5300000000000056e-01	4.6859916289288434e-01	
7.5400000000000056e-01	4.6813079795149259e-01	
7.5500000000000056e-01	4.6766290114093773e-01	
7.5600000000000056e-01	4.6719547199332312e-01	
7.5700000000000056e-01	4.6672851004121935e-01	
7.5800000000000056e-01	4.6626201481766449e-01	
7.5900000000000056e-01	4.6579598585616327e-01	
7.6000000000000056e-01	4.6533042269068681e-01	
7.6100000000000056e-01	4.6486532485567172e-01	
7.6200000000000057e-01	4.6440069188602034e-01	
7.6300000000000057e-01	4.6393652331709950e-01	
7.6400000000000057e-01	4.6347281868474066e-01	
7.6500000000000057e-01	4.6300957752523908e-01	
7.6600000000000057e-01	4.6254679937535370e-01	
7.6700000000000057e-01	4.6208448377230610e-01	
7.6800000000000057e-01	4.6162263025378081e-01	
7.6900000000000057e-01	4.6116123835792433e-01	
7.7000000000000057e-01	4.6070030762334457e-01	
7.7100000000000057e-01	4.6023983758911080e-01	
7.7200000000000057e-01	4.5977982779475302e-01	
7.7300000000000058e-01	4.5932027778026135e-01	
7.7400000000000058e-01	4.5886118708608575e-01	
7.7500000000000058e-01	4.5840255525313545e-01	
7.7600000000000058e-01	4.5794438182277863e-01	
7.7700000000000058e-01	4.5748666633684176e-01	
7.7800000000000058e-01	4.5702940833760941e-01	
7.7900000000000058e-01	4.5657260736782340e-01	
7.8000000000000058e-01	4.5611626297068281e-01	
7.8100000000000058e-01	4.5566037468984333e-01	
7.8200000000000058e-01	4.5520494206941642e-01	
7.8300000000000058e-01	4.5474996465396944e-01	
7.8400000000000059e-01	4.5429544198852512e-01	
7.8500000000000059e-01	4.5384137361856064e-01	
7.8600000000000059e-01	4.5338775909000750e-01	
7.8700000000000059e-01	4.5293459794925134e-01	
7.8800000000000059e-01	4.5248188974313081e-01	
7.8900000000000059e-01	4.5202963401893775e-01	
7.9000000000000059e-01	4.5157783032441640e-01	
7.9100000000000059e-01	4.5112647820776292e-01	
7.9200000000000059e-01	4.5067557721762541e-01	
7.9300000000000059e-01	4.5022512690310251e-01	
7.9400000000000059e-01	4.4977512681374410e-01	
7.9500000000000060e-01	4.4932557649955002e-01	
7.9600000000000060e-01	4.4887647551096976e-01	
7.9700000000000060e-01	4.4842782339890258e-01	
7.9800000000000060e-01	4.4797961971469608e-01	
7.9900000000000060e-01	4.4753186401014661e-01	
8.0000000000000060e-01	4.4708455583749851e-01	
8.0100000000000060e-01	4.4663769474944337e-01	
8.0200000000000060e-01	4.4619128029912031e-01	
8.0300000000000060e-01	4.4574531204011475e-01	
8.0400000000000060e-01	4.4529978952645832e-01	
8.0500000000000060e-01	4.4485471231262858e-01	
8.0600000000000060e-01	4.4441007995354820e-01	
8.0700000000000061e-01	4.4396589200458469e-01	
8.0800000000000061e-01	4.4352214802155038e-01	
8.0900000000000061e-01	4.4307884756070093e-01	
8.1000000000000061e-01	4.4263599017873601e-01	
8.1100000000000061e-01	4.4219357543279814e-01	
8.1200000000000061e-01	4.4175160288047249e-01	
8.1300000000000061e-01	4.4131007207978662e-01	
8.1400000000000061e-01	4.4086898258920959e-01	
8.1500000000000061e-01	4.4042833396765185e-01	
8.1600000000000061e-01	4.3998812577446483e-01	
8.1700000000000061e-01	4.3954835756944022e-01	
8.1800000000000062e-01	4.3910902891280978e-01	
8.1900000000000062e-01	4.3867013936524490e-01	
8.2000000000000062e-01	4.3823168848785593e-01	
8.2100000000000062e-01	4.3779367584219198e-01	
8.2200000000000062e-01	4.3735610099024030e-01	
8.2300000000000062e-01	4.3691896349442610e-01	
8.2400000000000062e-01	4.3648226291761183e-01	
8.2500000000000062e-01	4.3604599882309675e-01	
8.2600000000000062e-01	4.3561017077461689e-01	
8.2700000000000062e-01	4.3517477833634416e-01	
8.2800000000000062e-01	4.3473982107288606e-01	
8.2900000000000063e-01	4.3430529854928512e-01	
8.3000000000000063e-01	4.3387121033101900e-01	
8.3100000000000063e-01	4.3343755598399930e-01	
8.3200000000000063e-01	4.3300433507457176e-01	
8.3300000000000063e-01	4.3257154716951540e-01	
8.3400000000000063e-01	4.3213919183604221e-01	
8.3500000000000063e-01	4.3170726864179687e-01	
8.3600000000000063e-01	4.3127577715485621e-01	
8.3700000000000063e-01	4.3084471694372856e-01	
8.3800000000000063e-01	4.3041408757735378e-01	
8.3900000000000063e-01	4.2998388862510245e-01	
8.4000000000000064e-01	4.2955411965677559e-01	
8.4100000000000064e-01	4.2912478024260420e-01	
8.4200000000000064e-01	4.2869586995324888e-01	
8.4300000000000064e-01	4.2826738835979911e-01	
8.4400000000000064e-01	4.2783933503377347e-01	
8.4500000000000064e-01	4.2741170954711838e-01	
8.4600000000000064e-01	4.2698451147220862e-01	
8.4700000000000064e-01	4.2655774038184585e-01	
8.4800000000000064e-01	4.2613139584925902e-01	
8.4900000000000064e-01	4.2570547744810350e-01	
8.5000000000000064e-01	4.2527998475246093e-01	
8.5100000000000064e-01	4.2485491733683861e-01	
8.5200000000000065e-01	4.2443027477616901e-01	
8.5300000000000065e-01	4.2400605664580948e-01	
8.5400000000000065e-01	4.2358226252154202e-01	
8.5500000000000065e-01	4.2315889197957240e-01	
8.5600000000000065e-01	4.2273594459652986e-01	
8.5700000000000065e-01	4.2231341994946731e-01	
8.5800000000000065e-01	4.2189131761585974e-01	
8.5900000000000065e-01	4.2146963717360514e-01	
8.6000000000000065e-01	4.2104837820102270e-01	
8.6100000000000065e-01	4.2062754027685356e-01	
8.6200000000000065e-01	4.2020712298025981e-01	
8.6300000000000066e-01	4.1978712589082395e-01	
8.6400000000000066e-01	4.1936754858854908e-01	
8.6500000000000066e-01	4.1894839065385781e-01	
8.6600000000000066e-01	4.1852965166759193e-01	
8.6700000000000066e-01	4.1811133121101268e-01	
8.6800000000000066e-01	4.1769342886579941e-01	
8.6900000000000066e-01	4.1727594421404990e-01	
8.7000000000000066e-01	4.1685887683827944e-01	
8.7100000000000066e-01	4.1644222632142031e-01	
8.7200000000000066e-01	4.1602599224682246e-01	
8.7300000000000066e-01	4.1561017419825136e-01	
8.7400000000000067e-01	4.1519477175988923e-01	
8.7500000000000067e-01	4.1477978451633329e-01	
8.7600000000000067e-01	4.1436521205259652e-01	
8.7700000000000067e-01	4.1395105395410647e-01	
8.7800000000000067e-01	4.1353730980670472e-01	
8.7900000000000067e-01	4.1312397919664723e-01	
8.8000000000000067e-01	4.1271106171060334e-01	
8.8100000000000067e-01	4.1229855693565576e-01	
8.8200000000000067e-01	4.1188646445929927e-01	
8.8300000000000067e-01	4.1147478386944158e-01	
8.8400000000000067e-01	4.1106351475440206e-01	
8.8500000000000068e-01	4.1065265670291162e-01	
8.8600000000000068e-01	4.1024220930411198e-01	
8.8700000000000068e-01	4.0983217214755602e-01	
8.8800000000000068e-01	4.0942254482320617e-01	
8.8900000000000068e-01	4.0901332692143533e-01	
8.9000000000000068e-01	4.0860451803302555e-01	
8.9100000000000068e-01	4.0819611774916781e-01	
8.9200000000000068e-01	4.0778812566146183e-01	
8.9300000000000068e-01	4.0738054136191554e-01	
8.9400000000000068e-01	4.0697336444294446e-01	
8.9500000000000068e-01	4.0656659449737181e-01	
8.9600000000000068e-01	4.0616023111842753e-01	
8.9700000000000069e-01	4.0575427389974827e-01	
8.9800000000000069e-01	4.0534872243537656e-01	
8.9900000000000069e-01	4.0494357631976124e-01	
9.0000000000000069e-01	4.0453883514775585e-01	
9.0100000000000069e-01	4.0413449851461941e-01	
9.0200000000000069e-01	4.0373056601601515e-01	
9.0300000000000069e-01	4.0332703724801044e-01	
9.0400000000000069e-01	4.0292391180707671e-01	
9.0500000000000069e-01	4.0252118929008840e-01	
9.0600000000000069e-01	4.0211886929432278e-01	
9.0700000000000069e-01	4.0171695141746011e-01	
9.0800000000000070e-01	4.0131543525758218e-01	
9.0900000000000070e-01	4.0091432041317315e-01	
9.1000000000000070e-01	4.0051360648311785e-01	
9.1100000000000070e-01	4.0011329306670229e-01	
9.1200000000000070e-01	3.9971337976361326e-01	
9.1300000000000070e-01	3.9931386617393727e-01	
9.1400000000000070e-01	3.9891475189816078e-01	
9.1500000000000070e-01	3.9851603653716938e-01	
9.1600000000000070e-01	3.9811771969224780e-01	
9.1700000000000070e-01	3.9771980096507903e-01	
9.1800000000000070e-01	3.9732227995774433e-01	
9.1900000000000071e-01	3.9692515627272273e-01	
9.2000000000000071e-01	3.9652842951289058e-01	
9.2100000000000071e-01	3.9613209928152077e-01	
9.2200000000000071e-01	3.9573616518228333e-01	
9.2300000000000071e-01	3.9534062681924415e-01	
9.2400000000000071e-01	3.9494548379686478e-01	
9.2500000000000071e-01	3.9455073572000188e-01	
9.2600000000000071e-01	3.9415638219390775e-01	
9.2700000000000071e-01	3.9376242282422869e-01	
9.2800000000000071e-01	3.9336885721700515e-01	
9.2900000000000071e-01	3.9297568497867164e-01	
9.3000000000000071e-01	3.9258290571605592e-01	
9.3100000000000072e-01	3.9219051903637858e-01	
9.3200000000000072e-01	3.9179852454725295e-01	
9.3300000000000072e-01	3.9140692185668463e-01	
9.3400000000000072e-01	3.9101571057307061e-01	
9.3500000000000072e-01	3.9062489030519987e-01	
9.3600000000000072e-01	3.9023446066225198e-01	
9.3700000000000072e-01	3.8984442125379720e-01	
9.3800000000000072e-01	3.8945477168979614e-01	
9.3900000000000072e-01	3.8906551158059938e-01	
9.4000000000000072e-01	3.8867664053694645e-01	
9.4100000000000072e-01	3.8828815816996654e-01	
9.4200000000000073e-01	3.8790006409117717e-01	
9.4300000000000073e-01	3.8751235791248417e-01	
9.4400000000000073e-01	3.8712503924618141e-01	
9.4500000000000073e-01	3.8673810770495015e-01	
9.4600000000000073e-01	3.8635156290185879e-01	
9.4700000000000073e-01	3.8596540445036259e-01	
9.4800000000000073e-01	3.8557963196430295e-01	
9.4900000000000073e-01	3.8519424505790734e-01	
9.5000000000000073e-01	3.8480924334578898e-01	
9.5100000000000073e-01	3.8442462644294600e-01	
9.5200000000000073e-01	3.8404039396476158e-01	
9.5300000000000074e-01	3.8365654552700307e-01	
9.5400000000000074e-01	3.8327308074582206e-01	
9.5500000000000074e-01	3.8288999923775369e-01	
9.5600000000000074e-01	3.8250730061971649e-01	
9.5700000000000074e-01	3.8212498450901183e-01	
9.5800000000000074e-01	3.8174305052332347e-01	
9.5900000000000074e-01	3.8136149828071753e-01	
9.6000000000000074e-01	3.8098032739964155e-01	
9.6100000000000074e-01	3.8059953749892478e-01	
9.6200000000000074e-01	3.8021912819777720e-01	
9.6300000000000074e-01	3.7983909911578950e-01	
9.6400000000000075e-01	3.7945944987293256e-01	
9.6500000000000075e-01	3.7908018008955724e-01	
9.6600000000000075e-01	3.7870128938639336e-01	
9.6700000000000075e-01	3.7832277738455056e-01	
9.6800000000000075e-01	3.7794464370551667e-01	
9.6900000000000075e-01	3.7756688797115801e-01	
9.7000000000000075e-01	3.7718950980371879e-01	
9.7100000000000075e-01	3.7681250882582068e-01	
9.7200000000000075e-01	3.7643588466046296e-01	
9.7300000000000075e-01	3.7605963693102118e-01	
9.7400000000000075e-01	3.7568376526124764e-01	
9.7500000000000075e-01	3.7530826927527072e-01	
9.7600000000000076e-01	3.7493314859759436e-01	
9.7700000000000076e-01	3.7455840285309783e-01	
9.7800000000000076e-01	3.7418403166703540e-01	
9.7900000000000076e-01	3.7381003466503582e-01	
9.8000000000000076e-01	3.7343641147310197e-01	
9.8100000000000076e-01	3.7306316171761073e-01	
9.8200000000000076e-01	3.7269028502531226e-01	
9.8300000000000076e-01	3.7231778102333002e-01	
9.8400000000000076e-01	3.7194564933915969e-01	
9.8500000000000076e-01	3.7157388960066973e-01	
9.8600000000000076e-01	3.7120250143610045e-01	
9.8700000000000077e-01	3.7083148447406339e-01	
9.8800000000000077e-01	3.7046083834354182e-01	
9.8900000000000077e-01	3.7009056267388940e-01	
9.9000000000000077e-01	3.6972065709483048e-01	
9.9100000000000077e-01	3.6935112123645947e-01	
9.9200000000000077e-01	3.6898195472924050e-01	
9.9300000000000077e-01	3.6861315720400700e-01	
9.9400000000000077e-01	3.6824472829196142e-01	
9.9500000000000077e-01	3.6787666762467480e-01	
9.9600000000000077e-01	3.6750897483408645e-01	
9.9700000000000077e-01	3.6714164955250361e-01	
9.9800000000000078e-01	3.6677469141260099e-01	
9.9900000000000078e-01	3.6640810004742025e-01	
1.0000000000000007e+00	3.6604187509037012e-01	
1.0010000000000006e+00	3.6567601617522555e-01	
1.0020000000000004e+00	3.6531052293612776e-01	
1.0030000000000003e+00	3.6494539500758322e-01	
1.0040000000000002e+00	3.6458063202446411e-01	
1.0050000000000001e+00	3.6421623362200761e-01	
1.0060000000000000e+00	3.6385219943581482e-01	
1.0069999999999999e+00	3.6348852910185181e-01	
1.0079999999999998e+00	3.6312522225644839e-01	
1.0089999999999997e+00	3.6276227853629733e-01	
1.0099999999999996e+00	3.6239969757845508e-01	
1.0109999999999995e+00	3.6203747902034061e-01	
1.0119999999999993e+00	3.6167562249973534e-01	
1.0129999999999992e+00	3.6131412765478266e-01	
1.0139999999999991e+00	3.6095299412398774e-01	
1.0149999999999990e+00	3.6059222154621712e-01	
1.0159999999999989e+00	3.6023180956069795e-01	
1.0169999999999988e+00	3.5987175780701852e-01	
1.0179999999999987e+00	3.5951206592512680e-01	
1.0189999999999986e+00	3.5915273355533095e-01	
1.0199999999999985e+00	3.5879376033829863e-01	
1.0209999999999984e+00	3.5843514591505660e-01	
1.0219999999999982e+00	3.5807688992699016e-01	
1.0229999999999981e+00	3.5771899201584362e-01	
1.0239999999999980e+00	3.5736145182371892e-01	
1.0249999999999979e+00	3.5700426899307580e-01	
1.0259999999999978e+00	3.5664744316673147e-01	
1.0269999999999977e+00	3.5629097398785997e-01	
1.0279999999999976e+00	3.5593486109999206e-01	
1.0289999999999975e+00	3.5557910414701510e-01	
1.0299999999999974e+00	3.5522370277317178e-01	
1.0309999999999973e+00	3.5486865662306083e-01	
1.0319999999999971e+00	3.5451396534163615e-01	
1.0329999999999970e+00	3.5415962857420641e-01	
1.0339999999999969e+00	3.5380564596643466e-01	
1.0349999999999968e+00	3.5345201716433827e-01	
1.0359999999999967e+00	3.5309874181428869e-01	
1.0369999999999966e+00	3.5274581956301027e-01	
1.0379999999999965e+00	3.5239325005758082e-01	
1.0389999999999964e+00	3.5204103294543071e-01	
1.0399999999999963e+00	3.5168916787434307e-01	
1.0409999999999962e+00	3.5133765449245247e-01	
1.0419999999999960e+00	3.5098649244824565e-01	
1.0429999999999959e+00	3.5063568139056051e-01	
1.0439999999999958e+00	3.5028522096858600e-01	
1.0449999999999957e+00	3.4993511083186163e-01	
1.0459999999999956e+00	3.4958535063027735e-01	
1.0469999999999955e+00	3.4923594001407271e-01	
1.0479999999999954e+00	3.4888687863383722e-01	
1.0489999999999953e+00	3.4853816614050953e-01	
1.0499999999999952e+00	3.4818980218537693e-01	
1.0509999999999950e+00	3.4784178642007552e-01	
1.0519999999999949e+00	3.4749411849658962e-01	
1.0529999999999948e+00	3.4714679806725102e-01	
1.0539999999999947e+00	3.4679982478473959e-01	
1.0549999999999946e+00	3.4645319830208166e-01	
1.0559999999999945e+00	3.4610691827265111e-01	
1.0569999999999944e+00	3.4576098435016750e-01	
1.0579999999999943e+00	3.4541539618869704e-01	
1.0589999999999942e+00	3.4507015344265174e-01	
1.0599999999999941e+00	3.4472525576678847e-01	
1.0609999999999939e+00	3.4438070281620980e-01	
1.0619999999999938e+00	3.4403649424636257e-01	
1.0629999999999937e+00	3.4369262971303832e-01	
1.0639999999999936e+00	3.4334910887237235e-01	
1.0649999999999935e+00	3.4300593138084395e-01	
1.0659999999999934e+00	3.4266309689527547e-01	
1.0669999999999933e+00	3.4232060507283241e-01	
1.0679999999999932e+00	3.4197845557102297e-01	
1.0689999999999931e+00	3.4163664804769761e-01	
1.0699999999999930e+00	3.4129518216104876e-01	
1.0709999999999928e+00	3.4095405756961056e-01	
1.0719999999999927e+00	3.4061327393225826e-01	
1.0729999999999926e+00	3.4027283090820837e-01	
1.0739999999999925e+00	3.3993272815701758e-01	
1.0749999999999924e+00	3.3959296533858346e-01	
1.0759999999999923e+00	3.3925354211314290e-01	
1.0769999999999922e+00	3.3891445814127269e-01	
1.0779999999999921e+00	3.3857571308388895e-01	
1.0789999999999920e+00	3.3823730660224643e-01	
1.0799999999999919e+00	3.3789923835793884e-01	
1.0809999999999917e+00	3.3756150801289758e-01	
1.0819999999999916e+00	3.3722411522939250e-01	
1.0829999999999915e+00	3.3688705967003080e-01	
1.0839999999999914e+00	3.3655034099775682e-01	
1.0849999999999913e+00	3.3621395887585193e-01	
1.0859999999999912e+00	3.3587791296793390e-01	
1.0869999999999911e+00	3.3554220293795683e-01	
1.0879999999999910e+00	3.3520682845021066e-01	
1.0889999999999909e+00	3.3487178916932081e-01	
1.0899999999999908e+00	3.3453708476024818e-01	
1.0909999999999906e+00	3.3420271488828796e-01	
1.0919999999999905e+00	3.3386867921907071e-01	
1.0929999999999904e+00	3.3353497741856042e-01	
1.0939999999999903e+00	3.3320160915305536e-01	
1.0949999999999902e+00	3.3286857408918713e-01	
1.0959999999999901e+00	3.3253587189392086e-01	
1.0969999999999900e+00	3.3220350223455408e-01	
1.0979999999999899e+00	3.3187146477871726e-01	
1.0989999999999898e+00	3.3153975919437290e-01	
1.0999999999999897e+00	3.3120838514981538e-01	
1.1009999999999895e+00	3.3087734231367055e-01	
1.1019999999999894e+00	3.3054663035489562e-01	
1.1029999999999893e+00	3.3021624894277862e-01	
1.1039999999999892e+00	3.2988619774693806e-01	
1.1049999999999891e+00	3.2955647643732278e-01	
1.1059999999999890e+00	3.2922708468421130e-01	
1.1069999999999889e+00	3.2889802215821201e-01	
1.1079999999999888e+00	3.2856928853026229e-01	
1.1089999999999887e+00	3.2824088347162855e-01	
1.1099999999999886e+00	3.2791280665390549e-01	
1.1109999999999884e+00	3.2758505774901642e-01	
1.1119999999999883e+00	3.2725763642921252e-01	
1.1129999999999882e+00	3.2693054236707225e-01	
1.1139999999999881e+00	3.2660377523550149e-01	
1.1149999999999880e+00	3.2627733470773335e-01	
1.1159999999999879e+00	3.2595122045732716e-01	
1.1169999999999878e+00	3.2562543215816836e-01	
1.1179999999999877e+00	3.2529996948446899e-01	
1.1189999999999876e+00	3.2497483211076622e-01	
1.1199999999999875e+00	3.2465001971192259e-01	
1.1209999999999873e+00	3.2432553196312575e-01	
1.1219999999999872e+00	3.2400136853988787e-01	
1.1229999999999871e+00	3.2367752911804559e-01	
1.1239999999999870e+00	3.2335401337375935e-01	
1.1249999999999869e+00	3.2303082098351343e-01	
1.1259999999999868e+00	3.2270795162411542e-01	
1.1269999999999867e+00	3.2238540497269585e-01	
1.1279999999999866e+00	3.2206318070670831e-01	
1.1289999999999865e+00	3.2174127850392825e-01	
1.1299999999999863e+00	3.2141969804245341e-01	
1.1309999999999862e+00	3.2109843900070345e-01	
1.1319999999999861e+00	3.2077750105741926e-01	
1.1329999999999860e+00	3.2045688389166288e-01	
1.1339999999999859e+00	3.2013658718281701e-01	
1.1349999999999858e+00	3.1981661061058514e-01	
1.1359999999999857e+00	3.1949695385499033e-01	
1.1369999999999856e+00	3.1917761659637622e-01	
1.1379999999999855e+00	3.1885859851540516e-01	
1.1389999999999854e+00	3.1853989929305931e-01	
1.1399999999999852e+00	3.1822151861063919e-01	
1.1409999999999851e+00	3.1790345614976423e-01	
1.1419999999999850e+00	3.1758571159237192e-01	
1.1429999999999849e+00	3.1726828462071760e-01	
1.1439999999999848e+00	3.1695117491737446e-01	
1.1449999999999847e+00	3.1663438216523260e-01	
1.1459999999999846e+00	3.1631790604749926e-01	
1.1469999999999845e+00	3.1600174624769833e-01	
1.1479999999999844e+00	3.1568590244966999e-01	
1.1489999999999843e+00	3.1537037433757042e-01	
1.1499999999999841e+00	3.1505516159587144e-01	
1.1509999999999840e+00	3.1474026390936033e-01	
1.1519999999999839e+00	3.1442568096313939e-01	
1.1529999999999838e+00	3.1411141244262553e-01	
1.1539999999999837e+00	3.1379745803355041e-01	
1.1549999999999836e+00	3.1348381742195935e-01	
1.1559999999999835e+00	3.1317049029421196e-01	
1.1569999999999834e+00	3.1285747633698086e-01	
1.1579999999999833e+00	3.1254477523725216e-01	
1.1589999999999832e+00	3.1223238668232484e-01	
1.1599999999999830e+00	3.1192031035981016e-01	
1.1609999999999829e+00	3.1160854595763182e-01	
1.1619999999999828e+00	3.1129709316402543e-01	
1.1629999999999827e+00	3.1098595166753817e-01	
1.1639999999999826e+00	3.1067512115702844e-01	
1.1649999999999825e+00	3.1036460132166577e-01	
1.1659999999999824e+00	3.1005439185093031e-01	
1.1669999999999823e+00	3.0974449243461255e-01	
1.1679999999999822e+00	3.0943490276281299e-01	
1.1689999999999821e+00	3.0912562252594195e-01	
1.1699999999999819e+00	3.0881665141471931e-01	
1.1709999999999818e+00	3.0850798912017369e-01	
1.1719999999999817e+00	3.0819963533364297e-01	
1.1729999999999816e+00	3.0789158974677328e-01	
1.1739999999999815e+00	3.0758385205151900e-01	
1.1749999999999814e+00	3.0727642194014237e-01	
1.1759999999999813e+00	3.0696929910521331e-01	
1.1769999999999812e+00	3.0666248323960887e-01	
1.1779999999999811e+00	3.0635597403651327e-01	
1.1789999999999810e+00	3.0604977118941729e-01	
1.1799999999999808e+00	3.0574387439211792e-01	
1.1809999999999807e+00	3.0543828333871847e-01	
1.1819999999999806e+00	3.0513299772362779e-01	
1.1829999999999805e+00	3.0482801724156028e-01	
1.1839999999999804e+00	3.0452334158753541e-01	
1.1849999999999803e+00	3.0421897045687746e-01	
1.1859999999999802e+00	3.0391490354521539e-01	
1.1869999999999801e+00	3.0361114054848215e-01	
1.1879999999999800e+00	3.0330768116291473e-01	
1.1889999999999799e+00	3.0300452508505382e-01	
1.1899999999999797e+00	3.0270167201174325e-01	
1.1909999999999796e+00	3.0239912164012983e-01	
1.1919999999999795e+00	3.0209687366766330e-01	
1.1929999999999794e+00	3.0179492779209560e-01	
1.1939999999999793e+00	3.0149328371148088e-01	
1.1949999999999792e+00	3.0119194112417497e-01	
1.1959999999999791e+00	3.0089089972883526e-01	
1.1969999999999790e+00	3.0059015922442034e-01	
1.1979999999999789e+00	3.0028971931018977e-01	
1.1989999999999787e+00	2.9998957968570350e-01	
1.1999999999999786e+00	2.9968974005082183e-01	
1.2009999999999785e+00	2.9939020010570538e-01	
1.2019999999999784e+00	2.9909095955081383e-01	
1.2029999999999783e+00	2.9879201808690681e-01	
1.2039999999999782e+00	2.9849337541504273e-01	
1.2049999999999781e+00	2.9819503123657898e-01	
1.2059999999999780e+00	2.9789698525317126e-01	
1.2069999999999779e+00	2.9759923716677367e-01	
1.2079999999999778e+00	2.9730178667963808e-01	
1.2089999999999776e+00	2.9700463349431389e-01	
1.2099999999999775e+00	2.9670777731364795e-01	
1.2109999999999774e+00	2.9641121784078406e-01	
1.2119999999999773e+00	2.9611495477916266e-01	
1.2129999999999772e+00	2.9581898783252081e-01	
1.2139999999999771e+00	2.9552331670489140e-01	
1.2149999999999770e+00	2.9522794110060335e-01	
1.2159999999999769e+00	2.9493286072428093e-01	
1.2169999999999768e+00	2.9463807528084379e-01	
1.2179999999999767e+00	2.9434358447550657e-01	
1.2189999999999765e+00	2.9404938801377839e-01	
1.2199999999999764e+00	2.9375548560146264e-01	
1.2209999999999763e+00	2.9346187694465703e-01	
1.2219999999999762e+00	2.9316856174975275e-01	
1.2229999999999761e+00	2.9287553972343472e-01	
1.2239999999999760e+00	2.9258281057268076e-01	
1.2249999999999759e+00	2.9229037400476177e-01	
1.2259999999999758e+00	2.9199822972724121e-01	
1.2269999999999757e+00	2.9170637744797462e-01	
1.2279999999999756e+00	2.9141481687510978e-01	
1.2289999999999754e+00	2.9112354771708621e-01	
1.2299999999999753e+00	2.9083256968263449e-01	
1.2309999999999752e+00	2.9054188248077678e-01	
1.2319999999999751e+00	2.9025148582082572e-01	
1.2329999999999750e+00	2.8996137941238470e-01	
1.2339999999999749e+00	2.8967156296534724e-01	
1.2349999999999748e+00	2.8938203618989689e-01	
1.2359999999999747e+00	2.8909279879650684e-01	
1.2369999999999746e+00	2.8880385049593965e-01	
1.2379999999999745e+00	2.8851519099924705e-01	
1.2389999999999743e+00	2.8822682001776956e-01	
1.2399999999999742e+00	2.8793873726313596e-01	
1.2409999999999741e+00	2.8765094244726369e-01	
1.2419999999999740e+00	2.8736343528235786e-01	
1.2429999999999739e+00	2.8707621548091122e-01	
1.2439999999999738e+00	2.8678928275570403e-01	
1.2449999999999737e+00	2.8650263681980348e-01	
1.2459999999999736e+00	2.8621627738656358e-01	
1.2469999999999735e+00	2.8593020416962500e-01	
1.2479999999999734e+00	2.8564441688291431e-01	
1.2489999999999732e+00	2.8535891524064444e-01	
1.2499999999999731e+00	2.8507369895731349e-01	
1.2509999999999730e+00	2.8478876774770523e-01	
1.2519999999999729e+00	2.8450412132688851e-01	
1.2529999999999728e+00	2.8421975941021688e-01	
1.2539999999999727e+00	2.8393568171332823e-01	
1.2549999999999726e+00	2.8365188795214502e-01	
1.2559999999999725e+00	2.8336837784287339e-01	
1.2569999999999724e+00	2.8308515110200316e-01	
1.2579999999999723e+00	2.8280220744630769e-01	
1.2589999999999721e+00	2.8251954659284323e-01	
1.2599999999999720e+00	2.8223716825894890e-01	
1.2609999999999719e+00	2.8195507216224636e-01	
1.2619999999999718e+00	2.8167325802063947e-01	
1.2629999999999717e+00	2.8139172555231401e-01	
1.2639999999999716e+00	2.8111047447573756e-01	
1.2649999999999715e+00	2.8082950450965916e-01	
1.2659999999999714e+00	2.8054881537310850e-01	
1.2669999999999713e+00	2.8026840678539666e-01	
1.2679999999999712e+00	2.7998827846611501e-01	
1.2689999999999710e+00	2.7970843013513508e-01	
1.2699999999999709e+00	2.7942886151260865e-01	
1.2709999999999708e+00	2.7914957231896698e-01	
1.2719999999999707e+00	2.7887056227492091e-01	
1.2729999999999706e+00	2.7859183110146035e-01	
1.2739999999999705e+00	2.7831337851985405e-01	
1.2749999999999704e+00	2.7803520425164957e-01	
1.2759999999999703e+00	2.7775730801867243e-01	
1.2769999999999702e+00	2.7747968954302649e-01	
1.2779999999999700e+00	2.7720234854709319e-01	
1.2789999999999699e+00	2.7692528475353156e-01	
1.2799999999999698e+00	2.7664849788527779e-01	
1.2809999999999697e+00	2.7637198766554488e-01	
1.2819999999999696e+00	2.7609575381782275e-01	
1.2829999999999695e+00	2.7581979606587737e-01	
1.2839999999999694e+00	2.7554411413375113e-01	
1.2849999999999693e+00	2.7526870774576190e-01	
1.2859999999999692e+00	2.7499357662650337e-01	
1.2869999999999691e+00	2.7471872050084450e-01	
1.2879999999999689e+00	2.7444413909392884e-01	
1.2889999999999688e+00	2.7416983213117530e-01	
1.2899999999999687e+00	2.7389579933827668e-01	
1.2909999999999686e+00	2.7362204044120014e-01	
1.2919999999999685e+00	2.7334855516618695e-01	
1.2929999999999684e+00	2.7307534323975169e-01	
1.2939999999999683e+00	2.7280240438868236e-01	
1.2949999999999682e+00	2.7252973834004024e-01	
1.2959999999999681e+00	2.7225734482115915e-01	
1.2969999999999680e+00	2.7198522355964549e-01	
1.2979999999999678e+00	2.7171337428337816e-01	
1.2989999999999677e+00	2.7144179672050767e-01	
1.2999999999999676e+00	2.7117049059945658e-01	
1.3009999999999675e+00	2.7089945564891865e-01	
1.3019999999999674e+00	2.7062869159785896e-01	
1.3029999999999673e+00	2.7035819817551338e-01	
1.3039999999999672e+00	2.7008797511138860e-01	
1.3049999999999671e+00	2.6981802213526135e-01	
1.3059999999999670e+00	2.6954833897717878e-01	
1.3069999999999669e+00	2.6927892536745768e-01	
1.3079999999999667e+00	2.6900978103668433e-01	
1.3089999999999666e+00	2.6874090571571441e-01	
1.3099999999999665e+00	2.6847229913567261e-01	
1.3109999999999664e+00	2.6820396102795235e-01	
1.3119999999999663e+00	2.6793589112421545e-01	
1.3129999999999662e+00	2.6766808915639201e-01	
1.3139999999999661e+00	2.6740055485668002e-01	
1.3149999999999660e+00	2.6713328795754521e-01	
1.3159999999999659e+00	2.6686628819172048e-01	
1.3169999999999658e+00	2.6659955529220636e-01	
1.3179999999999656e+00	2.6633308899226971e-01	
1.3189999999999655e+00	2.6606688902544423e-01	
1.3199999999999654e+00	2.6580095512552987e-01	
1.3209999999999653e+00	2.6553528702659285e-01	
1.3219999999999652e+00	2.6526988446296501e-01	
1.3229999999999651e+00	2.6500474716924372e-01	
1.3239999999999650e+00	2.6473987488029166e-01	
1.3249999999999649e+00	2.6447526733123650e-01	
1.3259999999999648e+00	2.6421092425747078e-01	
1.3269999999999647e+00	2.6394684539465130e-01	
1.3279999999999645e+00	2.6368303047869929e-01	
1.3289999999999644e+00	2.6341947924579967e-01	
1.3299999999999643e+00	2.6315619143240121e-01	
1.3309999999999642e+00	2.6289316677521618e-01	
1.3319999999999641e+00	2.6263040501121981e-01	
1.3329999999999640e+00	2.6236790587765030e-01	
1.3339999999999639e+00	2.6210566911200861e-01	
1.3349999999999638e+00	2.6184369445205785e-01	
1.3359999999999637e+00	2.6158198163582330e-01	
1.3369999999999636e+00	2.6132053040159214e-01	
1.3379999999999634e+00	2.6105934048791329e-01	
1.3389999999999633e+00	2.6079841163359668e-01	
1.3399999999999632e+00	2.6053774357771337e-01	
1.3409999999999631e+00	2.6027733605959535e-01	
1.3419999999999630e+00	2.6001718881883512e-01	
1.3429999999999629e+00	2.5975730159528537e-01	
1.3439999999999628e+00	2.5949767412905883e-01	
1.3449999999999627e+00	2.5923830616052801e-01	
1.3459999999999626e+00	2.5897919743032510e-01	
1.3469999999999624e+00	2.5872034767934110e-01	
1.3479999999999623e+00	2.5846175664872634e-01	
1.3489999999999622e+00	2.5820342407988978e-01	
1.3499999999999621e+00	2.5794534971449878e-01	
1.3509999999999620e+00	2.5768753329447902e-01	
1.3519999999999619e+00	2.5742997456201400e-01	
1.3529999999999618e+00	2.5717267325954507e-01	
1.3539999999999617e+00	2.5691562912977078e-01	
1.3549999999999616e+00	2.5665884191564697e-01	
1.3559999999999615e+00	2.5640231136038660e-01	
1.3569999999999613e+00	2.5614603720745888e-01	
1.3579999999999612e+00	2.5589001920058968e-01	
1.3589999999999611e+00	2.5563425708376109e-01	
1.3599999999999610e+00	2.5537875060121079e-01	
1.3609999999999609e+00	2.5512349949743240e-01	
1.3619999999999608e+00	2.5486850351717477e-01	
1.3629999999999607e+00	2.5461376240544198e-01	
1.3639999999999606e+00	2.5435927590749269e-01	
1.3649999999999605e+00	2.5410504376884058e-01	
1.3659999999999604e+00	2.5385106573525346e-01	
1.3669999999999602e+00	2.5359734155275315e-01	
1.3679999999999601e+00	2.5334387096761557e-01	
1.3689999999999600e+00	2.5309065372637002e-01	
1.3699999999999599e+00	2.5283768957579927e-01	
1.3709999999999598e+00	2.5258497826293924e-01	
1.3719999999999597e+00	2.5233251953507846e-01	
1.3729999999999596e+00	2.5208031313975826e-01	
1.3739999999999595e+00	2.5182835882477222e-01	
1.3749999999999594e+00	2.5157665633816600e-01	
1.3759999999999593e+00	2.5132520542823711e-01	
1.3769999999999591e+00	2.5107400584353451e-01	
1.3779999999999590e+00	2.5082305733285876e-01	
1.3789999999999589e+00	2.5057235964526114e-01	
1.3799999999999588e+00	2.5032191253004415e-01	
1.3809999999999587e+00	2.5007171573676051e-01	
1.3819999999999586e+00	2.4982176901521339e-01	
1.3829999999999585e+00	2.4957207211545615e-01	
1.3839999999999584e+00	2.4932262478779185e-01	
1.3849999999999583e+00	2.4907342678277314e-01	
1.3859999999999582e+00	2.4882447785120190e-01	
1.3869999999999580e+00	2.4857577774412923e-01	
1.3879999999999579e+00	2.4832732621285508e-01	
1.3889999999999578e+00	2.4807912300892782e-01	
1.3899999999999577e+00	2.4783116788414425e-01	
1.3909999999999576e+00	2.4758346059054917e-01	
1.3919999999999575e+00	2.4733600088043539e-01	
1.3929999999999574e+00	2.4708878850634305e-01	
1.3939999999999573e+00	2.4684182322105983e-01	
1.3949999999999572e+00	2.4659510477762037e-01	
1.3959999999999571e+00	2.4634863292930623e-01	
1.3969999999999569e+00	2.4610240742964556e-01	
1.3979999999999568e+00	2.4585642803241287e-01	
1.3989999999999567e+00	2.4561069449162867e-01	
1.3999999999999566e+00	2.4536520656155947e-01	
1.4009999999999565e+00	2.4511996399671718e-01	
1.4019999999999564e+00	2.4487496655185936e-01	
1.4029999999999563e+00	2.4463021398198856e-01	
1.4039999999999562e+00	2.4438570604235210e-01	
1.4049999999999561e+00	2.4414144248844200e-01	
1.4059999999999560e+00	2.4389742307599477e-01	
1.4069999999999558e+00	2.4365364756099089e-01	
1.4079999999999557e+00	2.4341011569965496e-01	
1.4089999999999556e+00	2.4316682724845495e-01	
1.4099999999999555e+00	2.4292378196410244e-01	
1.4109999999999554e+00	2.4268097960355217e-01	
1.4119999999999553e+00	2.4243841992400178e-01	
1.4129999999999552e+00	2.4219610268289141e-01	
1.4139999999999551e+00	2.4195402763790397e-01	
1.4149999999999550e+00	2.4171219454696433e-01	
1.4159999999999549e+00	2.4147060316823935e-01	
1.4169999999999547e+00	2.4122925326013769e-01	
1.4179999999999546e+00	2.4098814458130938e-01	
1.4189999999999545e+00	2.4074727689064576e-01	
1.4199999999999544e+00	2.4050664994727905e-01	
1.4209999999999543e+00	2.4026626351058233e-01	
1.4219999999999542e+00	2.4002611734016921e-01	
1.4229999999999541e+00	2.3978621119589338e-01	
1.4239999999999540e+00	2.3954654483784868e-01	
1.4249999999999539e+00	2.3930711802636889e-01	
1.4259999999999537e+00	2.3906793052202696e-01	
1.4269999999999536e+00	2.3882898208563558e-01	
1.4279999999999535e+00	2.3859027247824610e-01	
1.4289999999999534e+00	2.3835180146114901e-01	
1.4299999999999533e+00	2.3811356879587325e-01	
1.4309999999999532e+00	2.3787557424418612e-01	
1.4319999999999531e+00	2.3763781756809307e-01	
1.4329999999999530e+00	2.3740029852983738e-01	
1.4339999999999529e+00	2.3716301689190000e-01	
1.4349999999999528e+00	2.3692597241699931e-01	
1.4359999999999526e+00	2.3668916486809075e-01	
1.4369999999999525e+00	2.3645259400836677e-01	
1.4379999999999524e+00	2.3621625960125653e-01	
1.4389999999999523e+00	2.3598016141042555e-01	
1.4399999999999522e+00	2.3574429919977566e-01	
1.4409999999999521e+00	2.3550867273344461e-01	
1.4419999999999520e+00	2.3527328177580595e-01	
1.4429999999999519e+00	2.3503812609146862e-01	
1.4439999999999518e+00	2.3480320544527700e-01	
1.4449999999999517e+00	2.3456851960231034e-01	
1.4459999999999515e+00	2.3433406832788292e-01	
1.4469999999999514e+00	2.3409985138754333e-01	
1.4479999999999513e+00	2.3386586854707461e-01	
1.4489999999999512e+00	2.3363211957249391e-01	
1.4499999999999511e+00	2.3339860423005229e-01	
1.4509999999999510e+00	2.3316532228623432e-01	
1.4519999999999509e+00	2.3293227350775808e-01	
1.4529999999999508e+00	2.3269945766157477e-01	
1.4539999999999507e+00	2.3246687451486850e-01	
1.4549999999999506e+00	2.3223452383505611e-01	
1.4559999999999504e+00	2.3200240538978689e-01	
1.4569999999999503e+00	2.3177051894694245e-01	
1.4579999999999502e+00	2.3153886427463627e-01	
1.4589999999999501e+00	2.3130744114121363e-01	
1.4599999999999500e+00	2.3107624931525136e-01	
1.4609999999999499e+00	2.3084528856555772e-01	
1.4619999999999498e+00	2.3061455866117189e-01	
1.4629999999999497e+00	2.3038405937136394e-01	
1.4639999999999496e+00	2.3015379046563453e-01	
1.4649999999999495e+00	2.2992375171371476e-01	
1.4659999999999493e+00	2.2969394288556588e-01	
1.4669999999999492e+00	2.2946436375137905e-01	
1.4679999999999491e+00	2.2923501408157507e-01	
1.4689999999999490e+00	2.2900589364680426e-01	
1.4699999999999489e+00	2.2877700221794622e-01	
1.4709999999999488e+00	2.2854833956610943e-01	
1.4719999999999487e+00	2.2831990546263126e-01	
1.4729999999999486e+00	2.2809169967907755e-01	
1.4739999999999485e+00	2.2786372198724253e-01	
1.4749999999999484e+00	2.2763597215914852e-01	
1.4759999999999482e+00	2.2740844996704565e-01	
1.4769999999999481e+00	2.2718115518341167e-01	
1.4779999999999480e+00	2.2695408758095181e-01	
1.4789999999999479e+00	2.2672724693259844e-01	
1.4799999999999478e+00	2.2650063301151094e-01	
1.4809999999999477e+00	2.2627424559107528e-01	
1.4819999999999476e+00	2.2604808444490410e-01	
1.4829999999999475e+00	2.2582214934683617e-01	
1.4839999999999474e+00	2.2559644007093638e-01	
1.4849999999999473e+00	2.2537095639149554e-01	
1.4859999999999471e+00	2.2514569808302981e-01	
1.4869999999999470e+00	2.2492066492028095e-01	
1.4879999999999469e+00	2.2469585667821573e-01	
1.4889999999999468e+00	2.2447127313202594e-01	
1.4899999999999467e+00	2.2424691405712799e-01	
1.4909999999999466e+00	2.2402277922916275e-01	
1.4919999999999465e+00	2.2379886842399549e-01	
1.4929999999999464e+00	2.2357518141771518e-01	
1.4939999999999463e+00	2.2335171798663500e-01	
1.4949999999999461e+00	2.2312847790729143e-01	
1.4959999999999460e+00	2.2290546095644428e-01	
1.4969999999999459e+00	2.2268266691107672e-01	
1.4979999999999458e+00	2.2246009554839463e-01	
1.4989999999999457e+00	2.2223774664582657e-01	
1.4999999999999456e+00	2.2201561998102376e-01	
1.5009999999999455e+00	2.2179371533185940e-01	
1.5019999999999454e+00	2.2157203247642884e-01	
1.5029999999999453e+00	2.2135057119304929e-01	
1.5039999999999452e+00	2.2112933126025927e-01	
1.5049999999999450e+00	2.2090831245681899e-01	
1.5059999999999449e+00	2.2068751456170957e-01	
1.5069999999999448e+00	2.2046693735413314e-01	
1.5079999999999447e+00	2.2024658061351235e-01	
1.5089999999999446e+00	2.2002644411949060e-01	
1.5099999999999445e+00	2.1980652765193132e-01	
1.5109999999999444e+00	2.1958683099091797e-01	
1.5119999999999443e+00	2.1936735391675391e-01	
1.5129999999999442e+00	2.1914809620996203e-01	
1.5139999999999441e+00	2.1892905765128465e-01	
1.5149999999999439e+00	2.1871023802168318e-01	
1.5159999999999438e+00	2.1849163710233793e-01	
1.5169999999999437e+00	2.1827325467464800e-01	
1.5179999999999436e+00	2.1805509052023095e-01	
1.5189999999999435e+00	2.1783714442092256e-01	
1.5199999999999434e+00	2.1761941615877675e-01	
1.5209999999999433e+00	2.1740190551606522e-01	
1.5219999999999432e+00	2.1718461227527736e-01	
1.5229999999999431e+00	2.1696753621911982e-01	
1.5239999999999430e+00	2.1675067713051666e-01	
1.5249999999999428e+00	2.1653403479260866e-01	
1.5259999999999427e+00	2.1631760898875346e-01	
1.5269999999999426e+00	2.1610139950252527e-01	
1.5279999999999425e+00	2.1588540611771467e-01	
1.5289999999999424e+00	2.1566962861832811e-01	
1.5299999999999423e+00	2.1545406678858817e-01	
1.5309999999999422e+00	2.1523872041293296e-01	
1.5319999999999421e+00	2.1502358927601609e-01	
1.5329999999999420e+00	2.1480867316270644e-01	
1.5339999999999419e+00	2.1459397185808785e-01	
1.5349999999999417e+00	2.1437948514745894e-01	
1.5359999999999416e+00	2.1416521281633316e-01	
1.5369999999999415e+00	2.1395115465043793e-01	
1.5379999999999414e+00	2.1373731043571523e-01	
1.5389999999999413e+00	2.1352367995832081e-01	
1.5399999999999412e+00	2.1331026300462411e-01	
1.5409999999999411e+00	2.1309705936120818e-01	
1.5419999999999410e+00	2.1288406881486938e-01	
1.5429999999999409e+00	2.1267129115261713e-01	
1.5439999999999408e+00	2.1245872616167374e-01	
1.5449999999999406e+00	2.1224637362947424e-01	
1.5459999999999405e+00	2.1203423334366608e-01	
1.5469999999999404e+00	2.1182230509210884e-01	
1.5479999999999403e+00	2.1161058866287444e-01	
1.5489999999999402e+00	2.1139908384424630e-01	
1.5499999999999401e+00	2.1118779042471966e-01	
1.5509999999999400e+00	2.1097670819300096e-01	
1.5519999999999399e+00	2.1076583693800810e-01	
1.5529999999999398e+00	2.1055517644886973e-01	
1.5539999999999397e+00	2.1034472651492536e-01	
1.5549999999999395e+00	2.1013448692572498e-01	
1.5559999999999394e+00	2.0992445747102911e-01	
1.5569999999999393e+00	2.0971463794080819e-01	
1.5579999999999392e+00	2.0950502812524263e-01	
1.5589999999999391e+00	2.0929562781472272e-01	
1.5599999999999390e+00	2.0908643679984806e-01	
1.5609999999999389e+00	2.0887745487142759e-01	
1.5619999999999388e+00	2.0866868182047940e-01	
1.5629999999999387e+00	2.0846011743823045e-01	
1.5639999999999386e+00	2.0825176151611627e-01	
1.5649999999999384e+00	2.0804361384578102e-01	
1.5659999999999383e+00	2.0783567421907687e-01	
1.5669999999999382e+00	2.0762794242806434e-01	
1.5679999999999381e+00	2.0742041826501151e-01	
1.5689999999999380e+00	2.0721310152239419e-01	
1.5699999999999379e+00	2.0700599199289574e-01	
1.5709999999999378e+00	2.0679908946940645e-01	
1.5719999999999377e+00	2.0659239374502392e-01	
1.5729999999999376e+00	2.0638590461305234e-01	
1.5739999999999374e+00	2.0617962186700253e-01	
1.5749999999999373e+00	2.0597354530059184e-01	
1.5759999999999372e+00	2.0576767470774357e-01	
1.5769999999999371e+00	2.0556200988258716e-01	
1.5779999999999370e+00	2.0535655061945773e-01	
1.5789999999999369e+00	2.0515129671289609e-01	
1.5799999999999368e+00	2.0494624795764826e-01	
1.5809999999999367e+00	2.0474140414866546e-01	
1.5819999999999366e+00	2.0453676508110380e-01	
1.5829999999999365e+00	2.0433233055032435e-01	
1.5839999999999363e+00	2.0412810035189244e-01	
1.5849999999999362e+00	2.0392407428157791e-01	
1.5859999999999361e+00	2.0372025213535463e-01	
1.5869999999999360e+00	2.0351663370940049e-01	
1.5879999999999359e+00	2.0331321880009698e-01	
1.5889999999999358e+00	2.0311000720402927e-01	
1.5899999999999357e+00	2.0290699871798565e-01	
1.5909999999999356e+00	2.0270419313895763e-01	
1.5919999999999355e+00	2.0250159026413969e-01	
1.5929999999999354e+00	2.0229918989092890e-01	
1.5939999999999352e+00	2.0209699181692484e-01	
1.5949999999999351e+00	2.0189499583992940e-01	
1.5959999999999350e+00	2.0169320175794667e-01	
1.5969999999999349e+00	2.0149160936918251e-01	
1.5979999999999348e+00	2.0129021847204451e-01	
1.5989999999999347e+00	2.0108902886514171e-01	
1.5999999999999346e+00	2.0088804034728455e-01	
1.6009999999999345e+00	2.0068725271748453e-01	
1.6019999999999344e+00	2.0048666577495389e-01	
1.6029999999999343e+00	2.0028627931910573e-01	
1.6039999999999341e+00	2.0008609314955364e-01	
1.6049999999999340e+00	1.9988610706611126e-01	
1.6059999999999339e+00	1.9968632086879276e-01	
1.6069999999999338e+00	1.9948673435781167e-01	
1.6079999999999337e+00	1.9928734733358158e-01	
1.6089999999999336e+00	1.9908815959671541e-01	
1.6099999999999335e+00	1.9888917094802541e-01	
1.6109999999999334e+00	1.9869038118852303e-01	
1.6119999999999333e+00	1.9849179011941828e-01	
1.6129999999999332e+00	1.9829339754212030e-01	
1.6139999999999330e+00	1.9809520325823637e-01	
1.6149999999999329e+00	1.9789720706957212e-01	
1.6159999999999328e+00	1.9769940877813147e-01	
1.6169999999999327e+00	1.9750180818611612e-01	
1.6179999999999326e+00	1.9730440509592537e-01	
1.6189999999999325e+00	1.9710719931015616e-01	
1.6199999999999324e+00	1.9691019063160267e-01	
1.6209999999999323e+00	1.9671337886325629e-01	
1.6219999999999322e+00	1.9651676380830507e-01	
1.6229999999999321e+00	1.9632034527013412e-01	
1.6239999999999319e+00	1.9612412305232474e-01	
1.6249999999999318e+00	1.9592809695865476e-01	
1.6259999999999317e+00	1.9573226679309810e-01	
1.6269999999999316e+00	1.9553663235982455e-01	
1.6279999999999315e+00	1.9534119346319964e-01	
1.6289999999999314e+00	1.9514594990778447e-01	
1.6299999999999313e+00	1.9495090149833541e-01	
1.6309999999999312e+00	1.9475604803980423e-01	
1.6319999999999311e+00	1.9456138933733719e-01	
1.6329999999999310e+00	1.9436692519627574e-01	
1.6339999999999308e+00	1.9417265542215573e-01	
1.6349999999999307e+00	1.9397857982070729e-01	
1.6359999999999306e+00	1.9378469819785482e-01	
1.6369999999999305e+00	1.9359101035971671e-01	
1.6379999999999304e+00	1.9339751611260506e-01	
1.6389999999999303e+00	1.9320421526302567e-01	
1.6399999999999302e+00	1.9301110761767767e-01	
1.6409999999999301e+00	1.9281819298345335e-01	
1.6419999999999300e+00	1.9262547116743803e-01	
1.6429999999999298e+00	1.9243294197690999e-01	
1.6439999999999297e+00	1.9224060521933997e-01	
1.6449999999999296e+00	1.9204846070239115e-01	
1.6459999999999295e+00	1.9185650823391903e-01	
1.6469999999999294e+00	1.9166474762197119e-01	
1.6479999999999293e+00	1.9147317867478691e-01	
1.6489999999999292e+00	1.9128180120079724e-01	
1.6499999999999291e+00	1.9109061500862476e-01	
1.6509999999999290e+00	1.9089961990708318e-01	
1.6519999999999289e+00	1.9070881570517742e-01	
1.6529999999999287e+00	1.9051820221210328e-01	
1.6539999999999286e+00	1.9032777923724717e-01	
1.6549999999999285e+00	1.9013754659018622e-01	
1.6559999999999284e+00	1.8994750408068767e-01	
1.6569999999999283e+00	1.8975765151870905e-01	
1.6579999999999282e+00	1.8956798871439776e-01	
1.6589999999999281e+00	1.8937851547809095e-01	
1.6599999999999280e+00	1.8918923162031542e-01	
1.6609999999999279e+00	1.8900013695178730e-01	
1.6619999999999278e+00	1.8881123128341187e-01	
1.6629999999999276e+00	1.8862251442628342e-01	
1.6639999999999275e+00	1.8843398619168514e-01	
1.6649999999999274e+00	1.8824564639108873e-01	
1.6659999999999273e+00	1.8805749483615444e-01	
1.6669999999999272e+00	1.8786953133873063e-01	
1.6679999999999271e+00	1.8768175571085388e-01	
1.6689999999999270e+00	1.8749416776474842e-01	
1.6699999999999269e+00	1.8730676731282636e-01	
1.6709999999999268e+00	1.8711955416768719e-01	
1.6719999999999267e+00	1.8693252814211783e-01	
1.6729999999999265e+00	1.8674568904909214e-01	
1.6739999999999264e+00	1.8655903670177112e-01	
1.6749999999999263e+00	1.8637257091350229e-01	
1.6759999999999262e+00	1.8618629149781998e-01	
1.6769999999999261e+00	1.8600019826844461e-01	
1.6779999999999260e+00	1.8581429103928304e-01	
1.6789999999999259e+00	1.8562856962442797e-01	
1.6799999999999258e+00	1.8544303383815802e-01	
1.6809999999999257e+00	1.8525768349493735e-01	
1.6819999999999256e+00	1.8507251840941566e-01	
1.6829999999999254e+00	1.8488753839642771e-01	
1.6839999999999253e+00	1.8470274327099365e-01	
1.6849999999999252e+00	1.8451813284831822e-01	
1.6859999999999251e+00	1.8433370694379100e-01	
1.6869999999999250e+00	1.8414946537298610e-01	
1.6879999999999249e+00	1.8396540795166191e-01	
1.6889999999999248e+00	1.8378153449576098e-01	
1.6899999999999247e+00	1.8359784482140989e-01	
1.6909999999999246e+00	1.8341433874491889e-01	
1.6919999999999245e+00	1.8323101608278200e-01	
1.6929999999999243e+00	1.8304787665167638e-01	
1.6939999999999242e+00	1.8286492026846274e-01	
1.6949999999999241e+00	1.8268214675018454e-01	
1.6959999999999240e+00	1.8249955591406833e-01	
1.6969999999999239e+00	1.8231714757752326e-01	
1.6979999999999238e+00	1.8213492155814093e-01	
1.6989999999999237e+00	1.8195287767369536e-01	
1.6999999999999236e+00	1.8177101574214263e-01	
1.7009999999999235e+00	1.8158933558162080e-01	
1.7019999999999234e+00	1.8140783701044966e-01	
1.7029999999999232e+00	1.8122651984713062e-01	
1.7039999999999231e+00	1.8104538391034658e-01	
1.7049999999999230e+00	1.8086442901896152e-01	
1.7059999999999229e+00	1.8068365499202055e-01	
1.7069999999999228e+00	1.8050306164874969e-01	
1.7079999999999227e+00	1.8032264880855539e-01	
1.7089999999999226e+00	1.8014241629102501e-01	
1.7099999999999225e+00	1.7996236391592593e-01	
1.7109999999999224e+00	1.7978249150320574e-01	
1.7119999999999223e+00	1.7960279887299205e-01	
1.7129999999999221e+00	1.7942328584559217e-01	
1.7139999999999220e+00	1.7924395224149314e-01	
1.7149999999999219e+00	1.7906479788136126e-01	
1.7159999999999218e+00	1.7888582258604219e-01	
1.7169999999999217e+00	1.7870702617656062e-01	
1.7179999999999216e+00	1.7852840847412008e-01	
1.7189999999999215e+00	1.7834996930010294e-01	
1.7199999999999214e+00	1.7817170847606992e-01	
1.7209999999999213e+00	1.7799362582376027e-01	
1.7219999999999211e+00	1.7781572116509123e-01	
1.7229999999999210e+00	1.7763799432215821e-01	
1.7239999999999209e+00	1.7746044511723433e-01	
1.7249999999999208e+00	1.7728307337277030e-01	
1.7259999999999207e+00	1.7710587891139443e-01	
1.7269999999999206e+00	1.7692886155591225e-01	
1.7279999999999205e+00	1.7675202112930635e-01	
1.7289999999999204e+00	1.7657535745473632e-01	
1.7299999999999203e+00	1.7639887035553850e-01	
1.7309999999999202e+00	1.7622255965522568e-01	
1.7319999999999200e+00	1.7604642517748720e-01	
1.7329999999999199e+00	1.7587046674618859e-01	
1.7339999999999198e+00	1.7569468418537135e-01	
1.7349999999999197e+00	1.7551907731925301e-01	
1.7359999999999196e+00	1.7534364597222651e-01	
1.7369999999999195e+00	1.7516838996886069e-01	
1.7379999999999194e+00	1.7499330913389938e-01	
1.7389999999999193e+00	1.7481840329226181e-01	
1.7399999999999192e+00	1.7464367226904209e-01	
1.7409999999999191e+00	1.7446911588950922e-01	
1.7419999999999189e+00	1.7429473397910672e-01	
1.7429999999999188e+00	1.7412052636345279e-01	
1.7439999999999187e+00	1.7394649286833971e-01	
1.7449999999999186e+00	1.7377263331973397e-01	
1.7459999999999185e+00	1.7359894754377606e-01	
1.7469999999999184e+00	1.7342543536678015e-01	
1.7479999999999183e+00	1.7325209661523408e-01	
1.7489999999999182e+00	1.7307893111579903e-01	
1.7499999999999181e+00	1.7290593869530951e-01	
1.7509999999999180e+00	1.7273311918077314e-01	
1.7519999999999178e+00	1.7256047239937031e-01	
1.7529999999999177e+00	1.7238799817845424e-01	
1.7539999999999176e+00	1.7221569634555076e-01	
1.7549999999999175e+00	1.7204356672835799e-01	
1.7559999999999174e+00	1.7187160915474622e-01	
1.7569999999999173e+00	1.7169982345275797e-01	
1.7579999999999172e+00	1.7152820945060746e-01	
1.7589999999999171e+00	1.7135676697668070e-01	
1.7599999999999170e+00	1.7118549585953519e-01	
1.7609999999999169e+00	1.7101439592789983e-01	
1.7619999999999167e+00	1.7084346701067465e-01	
1.7629999999999166e+00	1.7067270893693071e-01	
1.7639999999999165e+00	1.7050212153590996e-01	
1.7649999999999164e+00	1.7033170463702488e-01	
1.7659999999999163e+00	1.7016145806985866e-01	
1.7669999999999162e+00	1.6999138166416469e-01	
1.7679999999999161e+00	1.6982147524986654e-01	
1.7689999999999160e+00	1.6965173865705788e-01	
1.7699999999999159e+00	1.6948217171600194e-01	
1.7709999999999158e+00	1.6931277425713187e-01	
1.7719999999999156e+00	1.6914354611105009e-01	
1.7729999999999155e+00	1.6897448710852861e-01	
1.7739999999999154e+00	1.6880559708050824e-01	
1.7749999999999153e+00	1.6863687585809906e-01	
1.7759999999999152e+00	1.6846832327257980e-01	
1.7769999999999151e+00	1.6829993915539784e-01	
1.7779999999999150e+00	1.6813172333816906e-01	
1.7789999999999149e+00	1.6796367565267761e-01	
1.7799999999999148e+00	1.6779579593087585e-01	
1.7809999999999147e+00	1.6762808400488399e-01	
1.7819999999999145e+00	1.6746053970699007e-01	
1.7829999999999144e+00	1.6729316286964982e-01	
1.7839999999999143e+00	1.6712595332548638e-01	
1.7849999999999142e+00	1.6695891090729029e-01	
1.7859999999999141e+00	1.6679203544801890e-01	
1.7869999999999140e+00	1.6662532678079692e-01	
1.7879999999999139e+00	1.6645878473891559e-01	
1.7889999999999138e+00	1.6629240915583282e-01	
1.7899999999999137e+00	1.6612619986517313e-01	
1.7909999999999136e+00	1.6596015670072714e-01	
1.7919999999999134e+00	1.6579427949645165e-01	
1.7929999999999133e+00	1.6562856808646950e-01	
1.7939999999999132e+00	1.6546302230506924e-01	
1.7949999999999131e+00	1.6529764198670505e-01	
1.7959999999999130e+00	1.6513242696599664e-01	
1.7969999999999129e+00	1.6496737707772893e-01	
1.7979999999999128e+00	1.6480249215685208e-01	
1.7989999999999127e+00	1.6463777203848109e-01	
1.7999999999999126e+00	1.6447321655789593e-01	
1.8009999999999124e+00	1.6430882555054094e-01	
1.8019999999999123e+00	1.6414459885202526e-01	
1.8029999999999122e+00	1.6398053629812209e-01	
1.8039999999999121e+00	1.6381663772476884e-01	
1.8049999999999120e+00	1.6365290296806703e-01	
1.8059999999999119e+00	1.6348933186428180e-01	
1.8069999999999118e+00	1.6332592424984207e-01	
1.8079999999999117e+00	1.6316267996134015e-01	
1.8089999999999116e+00	1.6299959883553183e-01	
1.8099999999999115e+00	1.6283668070933596e-01	
1.8109999999999113e+00	1.6267392541983433e-01	
1.8119999999999112e+00	1.6251133280427166e-01	
1.8129999999999111e+00	1.6234890270005536e-01	
1.8139999999999110e+00	1.6218663494475527e-01	
1.8149999999999109e+00	1.6202452937610368e-01	
1.8159999999999108e+00	1.6186258583199495e-01	
1.8169999999999107e+00	1.6170080415048552e-01	
1.8179999999999106e+00	1.6153918416979374e-01	
1.8189999999999105e+00	1.6137772572829956e-01	
1.8199999999999104e+00	1.6121642866454458e-01	
1.8209999999999102e+00	1.6105529281723172e-01	
1.8219999999999101e+00	1.6089431802522505e-01	
1.8229999999999100e+00	1.6073350412754986e-01	
1.8239999999999099e+00	1.6057285096339216e-01	
1.8249999999999098e+00	1.6041235837209883e-01	
1.8259999999999097e+00	1.6025202619317722e-01	
1.8269999999999096e+00	1.6009185426629516e-01	
1.8279999999999095e+00	1.5993184243128072e-01	
1.8289999999999094e+00	1.5977199052812202e-01	
1.8299999999999093e+00	1.5961229839696717e-01	
1.8309999999999091e+00	1.5945276587812401e-01	
1.8319999999999090e+00	1.5929339281206001e-01	
1.8329999999999089e+00	1.5913417903940213e-01	
1.8339999999999088e+00	1.5897512440093650e-01	
1.8349999999999087e+00	1.5881622873760859e-01	
1.8359999999999086e+00	1.5865749189052258e-01	
1.8369999999999085e+00	1.5849891370094174e-01	
1.8379999999999084e+00	1.5834049401028777e-01	
1.8389999999999083e+00	1.5818223266014103e-01	
1.8399999999999082e+00	1.5802412949224012e-01	
1.8409999999999080e+00	1.5786618434848185e-01	
1.8419999999999079e+00	1.5770839707092113e-01	
1.8429999999999078e+00	1.5755076750177061e-01	
1.8439999999999077e+00	1.5739329548340070e-01	
1.8449999999999076e+00	1.5723598085833940e-01	
1.8459999999999075e+00	1.5707882346927204e-01	
1.8469999999999074e+00	1.5692182315904127e-01	
1.8479999999999073e+00	1.5676497977064674e-01	
1.8489999999999072e+00	1.5660829314724500e-01	
1.8499999999999071e+00	1.5645176313214948e-01	
1.8509999999999069e+00	1.5629538956883016e-01	
1.8519999999999068e+00	1.5613917230091340e-01	
1.8529999999999067e+00	1.5598311117218197e-01	
1.8539999999999066e+00	1.5582720602657471e-01	
1.8549999999999065e+00	1.5567145670818644e-01	
1.8559999999999064e+00	1.5551586306126791e-01	
1.8569999999999063e+00	1.5536042493022534e-01	
1.8579999999999062e+00	1.5520514215962067e-01	
1.8589999999999061e+00	1.5505001459417106e-01	
1.8599999999999060e+00	1.5489504207874902e-01	
1.8609999999999058e+00	1.5474022445838193e-01	
1.8619999999999057e+00	1.5458556157825218e-01	
1.8629999999999056e+00	1.5443105328369694e-01	
1.8639999999999055e+00	1.5427669942020780e-01	
1.8649999999999054e+00	1.5412249983343099e-01	
1.8659999999999053e+00	1.5396845436916681e-01	
1.8669999999999052e+00	1.5381456287336986e-01	
1.8679999999999051e+00	1.5366082519214858e-01	
1.8689999999999050e+00	1.5350724117176531e-01	
1.8699999999999048e+00	1.5335381065863601e-01	
1.8709999999999047e+00	1.5320053349933013e-01	
1.8719999999999046e+00	1.5304740954057053e-01	
1.8729999999999045e+00	1.5289443862923321e-01	
1.8739999999999044e+00	1.5274162061234728e-01	
1.8749999999999043e+00	1.5258895533709471e-01	
1.8759999999999042e+00	1.5243644265081013e-01	
1.8769999999999041e+00	1.5228408240098096e-01	
1.8779999999999040e+00	1.5213187443524684e-01	
1.8789999999999039e+00	1.5197981860139986e-01	
1.8799999999999037e+00	1.5182791474738414e-01	
1.8809999999999036e+00	1.5167616272129580e-01	
1.8819999999999035e+00	1.5152456237138287e-01	
1.8829999999999034e+00	1.5137311354604488e-01	
1.8839999999999033e+00	1.5122181609383309e-01	
1.8849999999999032e+00	1.5107066986345000e-01	
1.8859999999999031e+00	1.5091967470374934e-01	
1.8869999999999030e+00	1.5076883046373596e-01	
1.8879999999999029e+00	1.5061813699256563e-01	
1.8889999999999028e+00	1.5046759413954480e-01	
1.8899999999999026e+00	1.5031720175413069e-01	
1.8909999999999025e+00	1.5016695968593086e-01	
1.8919999999999024e+00	1.5001686778470322e-01	
1.8929999999999023e+00	1.4986692590035586e-01	
1.8939999999999022e+00	1.4971713388294688e-01	
1.8949999999999021e+00	1.4956749158268429e-01	
1.8959999999999020e+00	1.4941799884992571e-01	
1.8969999999999019e+00	1.4926865553517846e-01	
1.8979999999999018e+00	1.4911946148909916e-01	
1.8989999999999017e+00	1.4897041656249380e-01	
1.8999999999999015e+00	1.4882152060631743e-01	
1.9009999999999014e+00	1.4867277347167401e-01	
1.9019999999999013e+00	1.4852417500981652e-01	
1.9029999999999012e+00	1.4837572507214636e-01	
1.9039999999999011e+00	1.4822742351021367e-01	
1.9049999999999010e+00	1.4807927017571682e-01	
1.9059999999999009e+00	1.4793126492050249e-01	
1.9069999999999008e+00	1.4778340759656541e-01	
1.9079999999999007e+00	1.4763569805604829e-01	
1.9089999999999006e+00	1.4748813615124146e-01	
1.9099999999999004e+00	1.4734072173458312e-01	
1.9109999999999003e+00	1.4719345465865877e-01	
1.9119999999999002e+00	1.4704633477620133e-01	
1.9129999999999001e+00	1.4689936194009096e-01	
1.9139999999999000e+00	1.4675253600335472e-01	
1.9149999999998999e+00	1.4660585681916677e-01	
1.9159999999998998e+00	1.4645932424084779e-01	
1.9169999999998997e+00	1.4631293812186530e-01	
1.9179999999998996e+00	1.4616669831583312e-01	
1.9189999999998995e+00	1.4602060467651146e-01	
1.9199999999998993e+00	1.4587465705780658e-01	
1.9209999999998992e+00	1.4572885531377097e-01	
1.9219999999998991e+00	1.4558319929860278e-01	
1.9229999999998990e+00	1.4543768886664604e-01	
1.9239999999998989e+00	1.4529232387239030e-01	
1.9249999999998988e+00	1.4514710417047055e-01	
1.9259999999998987e+00	1.4500202961566702e-01	
1.9269999999998986e+00	1.4485710006290523e-01	
1.9279999999998985e+00	1.4471231536725554e-01	
1.9289999999998984e+00	1.4456767538393328e-01	
1.9299999999998982e+00	1.4442317996829848e-01	
1.9309999999998981e+00	1.4427882897585567e-01	
1.9319999999998980e+00	1.4413462226225388e-01	
1.9329999999998979e+00	1.4399055968328631e-01	
1.9339999999998978e+00	1.4384664109489045e-01	
1.9349999999998977e+00	1.4370286635314766e-01	
1.9359999999998976e+00	1.4355923531428325e-01	
1.9369999999998975e+00	1.4341574783466607e-01	
1.9379999999998974e+00	1.4327240377080869e-01	
1.9389999999998973e+00	1.4312920297936702e-01	
1.9399999999998971e+00	1.4298614531714024e-01	
1.9409999999998970e+00	1.4284323064107071e-01	
1.9419999999998969e+00	1.4270045880824372e-01	
1.9429999999998968e+00	1.4255782967588743e-01	
1.9439999999998967e+00	1.4241534310137272e-01	
1.9449999999998966e+00	1.4227299894221293e-01	
1.9459999999998965e+00	1.4213079705606399e-01	
1.9469999999998964e+00	1.4198873730072389e-01	
1.9479999999998963e+00	1.4184681953413297e-01	
1.9489999999998961e+00	1.4170504361437339e-01	
1.9499999999998960e+00	1.4156340939966922e-01	
1.9509999999998959e+00	1.4142191674838628e-01	
1.9519999999998958e+00	1.4128056551903184e-01	
1.9529999999998957e+00	1.4113935557025473e-01	
1.9539999999998956e+00	1.4099828676084492e-01	
1.9549999999998955e+00	1.4085735894973364e-01	
1.9559999999998954e+00	1.4071657199599305e-01	
1.9569999999998953e+00	1.4057592575883612e-01	
1.9579999999998952e+00	1.4043542009761675e-01	
1.9589999999998950e+00	1.4029505487182914e-01	
1.9599999999998949e+00	1.4015482994110809e-01	
1.9609999999998948e+00	1.4001474516522869e-01	
1.9619999999998947e+00	1.3987480040410608e-01	
1.9629999999998946e+00	1.3973499551779556e-01	
1.9639999999998945e+00	1.3959533036649222e-01	
1.9649999999998944e+00	1.3945580481053083e-01	
1.9659999999998943e+00	1.3931641871038589e-01	
1.9669999999998942e+00	1.3917717192667128e-01	
1.9679999999998941e+00	1.3903806432014021e-01	
1.9689999999998939e+00	1.3889909575168502e-01	
1.9699999999998938e+00	1.3876026608233716e-01	
1.9709999999998937e+00	1.3862157517326693e-01	
1.9719999999998936e+00	1.3848302288578346e-01	
1.9729999999998935e+00	1.3834460908133439e-01	
1.9739999999998934e+00	1.3820633362150592e-01	
1.9749999999998933e+00	1.3806819636802262e-01	
1.9759999999998932e+00	1.3793019718274718e-01	
1.9769999999998931e+00	1.3779233592768045e-01	
1.9779999999998930e+00	1.3765461246496108e-01	
1.9789999999998928e+00	1.3751702665686566e-01	
1.9799999999998927e+00	1.3737957836580836e-01	
1.9809999999998926e+00	1.3724226745434090e-01	
1.9819999999998925e+00	1.3710509378515229e-01	
1.9829999999998924e+00	1.3696805722106892e-01	
1.9839999999998923e+00	1.3683115762505416e-01	
1.9849999999998922e+00	1.3669439486020843e-01	
1.9859999999998921e+00	1.3655776878976897e-01	
1.9869999999998920e+00	1.3642127927710967e-01	
1.9879999999998919e+00	1.3628492618574103e-01	
1.9889999999998917e+00	1.3614870937930992e-01	
1.9899999999998916e+00	1.3601262872159953e-01	
1.9909999999998915e+00	1.3587668407652917e-01	
1.9919999999998914e+00	1.3574087530815426e-01	
1.9929999999998913e+00	1.3560520228066597e-01	
1.9939999999998912e+00	1.3546966485839124e-01	
1.9949999999998911e+00	1.3533426290579265e-01	
1.9959999999998910e+00	1.3519899628746826e-01	
1.9969999999998909e+00	1.3506386486815139e-01	
1.9979999999998908e+00	1.3492886851271069e-01	
1.9989999999998906e+00	1.3479400708614972e-01	
1.9999999999998905e+00	1.3465928045360709e-01	
